1,819,38,292,50
2,819,40,292,50
3,819,42,292,50
4,821,42,292,50
5,823,42,292,50
6,823,40,292,50
7,823,38,292,50
8,821,38,292,50
9,820,39,292,50
10,820,40,292,50
11,820,41,292,50
12,821,41,292,50
13,822,41,292,50
14,822,40,292,50
15,822,39,292,50
16,821,39,292,50
17,821,40,292,50
18,808,110,333,41
19,808,112,333,41
20,808,114,333,41
21,810,114,333,41
22,812,114,333,41
23,812,112,333,41
24,812,110,333,41
25,810,110,333,41
26,809,111,333,41
27,809,112,333,41
28,809,113,333,41
29,810,113,333,41
30,811,113,333,41
31,811,112,333,41
32,811,111,333,41
33,810,111,333,41
34,810,112,333,41
35,809,156,312,47
36,809,158,312,47
37,809,160,312,47
38,811,160,312,47
39,813,160,312,47
40,813,158,312,47
41,813,156,312,47
42,811,156,312,47
43,810,157,312,47
44,810,158,312,47
45,810,159,312,47
46,811,159,312,47
47,812,159,312,47
48,812,158,312,47
49,812,157,312,47
50,811,157,312,47
51,811,158,312,47
52,813,208,310,52
53,813,210,310,52
54,813,212,310,52
55,815,212,310,52
56,817,212,310,52
57,817,210,310,52
58,817,208,310,52
59,815,208,310,52
60,814,209,310,52
61,814,210,310,52
62,814,211,310,52
63,815,211,310,52
64,816,211,310,52
65,816,210,310,52
66,816,209,310,52
67,815,209,310,52
68,815,210,310,52
69,814,266,285,41
70,814,268,285,41
71,814,270,285,41
72,816,270,285,41
73,818,270,285,41
74,818,268,285,41
75,818,266,285,41
76,816,266,285,41
77,815,267,285,41
78,815,268,285,41
79,815,269,285,41
80,816,269,285,41
81,817,269,285,41
82,817,268,285,41
83,817,267,285,41
84,816,267,285,41
85,816,268,285,41
86,827,327,273,39
87,827,329,273,39
88,827,331,273,39
89,829,331,273,39
90,831,331,273,39
91,831,329,273,39
92,831,327,273,39
93,829,327,273,39
94,828,328,273,39
95,828,329,273,39
96,828,330,273,39
97,829,330,273,39
98,830,330,273,39
99,830,329,273,39
100,830,328,273,39
101,829,328,273,39
102,829,329,273,39
103,823,387,274,44
104,823,389,274,44
105,823,391,274,44
106,825,391,274,44
107,827,391,274,44
108,827,389,274,44
109,827,387,274,44
110,825,387,274,44
111,824,388,274,44
112,824,389,274,44
113,824,390,274,44
114,825,390,274,44
115,826,390,274,44
116,826,389,274,44
117,826,388,274,44
118,825,388,274,44
119,825,389,274,44
120,818,447,275,50
121,818,449,275,50
122,818,451,275,50
123,820,451,275,50
124,822,451,275,50
125,822,449,275,50
126,822,447,275,50
127,820,447,275,50
128,819,448,275,50
129,819,449,275,50
130,819,450,275,50
131,820,450,275,50
132,821,450,275,50
133,821,449,275,50
134,821,448,275,50
135,820,448,275,50
136,820,449,275,50
137,818,506,266,42
138,818,508,266,42
139,818,510,266,42
140,820,510,266,42
141,822,510,266,42
142,822,508,266,42
143,822,506,266,42
144,820,506,266,42
145,819,507,266,42
146,819,508,266,42
147,819,509,266,42
148,820,509,266,42
149,821,509,266,42
150,821,508,266,42
151,821,507,266,42
152,820,507,266,42
153,820,508,266,42
154,822,558,240,36
155,822,560,240,36
156,822,562,240,36
157,824,562,240,36
158,826,562,240,36
159,826,560,240,36
160,826,558,240,36
161,824,558,240,36
162,823,559,240,36
163,823,560,240,36
164,823,561,240,36
165,824,561,240,36
166,825,561,240,36
167,825,560,240,36
168,825,559,240,36
169,824,559,240,36
170,824,560,240,36
171,818,617,255,44
172,818,619,255,44
173,818,621,255,44
174,820,621,255,44
175,822,621,255,44
176,822,619,255,44
177,822,617,255,44
178,820,617,255,44
179,819,618,255,44
180,819,619,255,44
181,819,620,255,44
182,820,620,255,44
183,821,620,255,44
184,821,619,255,44
185,821,618,255,44
186,820,618,255,44
187,820,619,255,44
188,813,665,292,42
189,813,667,292,42
190,813,669,292,42
191,815,669,292,42
192,817,669,292,42
193,817,667,292,42
194,817,665,292,42
195,815,665,292,42
196,814,666,292,42
197,814,667,292,42
198,814,668,292,42
199,815,668,292,42
200,816,668,292,42
201,816,667,292,42
202,816,666,292,42
203,815,666,292,42
204,815,667,292,42
205,813,711,267,41
206,813,713,267,41
207,813,715,267,41
208,815,715,267,41
209,817,715,267,41
210,817,713,267,41
211,817,711,267,41
212,815,711,267,41
213,814,712,267,41
214,814,713,267,41
215,814,714,267,41
216,815,714,267,41
217,816,714,267,41
218,816,713,267,41
219,816,712,267,41
220,815,712,267,41
221,815,713,267,41
222,814,760,234,39
223,814,762,234,39
224,814,764,234,39
225,816,764,234,39
226,818,764,234,39
227,818,762,234,39
228,818,760,234,39
229,816,760,234,39
230,815,761,234,39
231,815,762,234,39
232,815,763,234,39
233,816,763,234,39
234,817,763,234,39
235,817,762,234,39
236,817,761,234,39
237,816,761,234,39
238,816,762,234,39
239,805,825,267,33
240,805,827,267,33
241,805,829,267,33
242,807,829,267,33
243,809,829,267,33
244,809,827,267,33
245,809,825,267,33
246,807,825,267,33
247,806,826,267,33
248,806,827,267,33
249,806,828,267,33
250,807,828,267,33
251,808,828,267,33
252,808,827,267,33
253,808,826,267,33
254,807,826,267,33
255,807,827,267,33
256,797,887,272,41
257,797,889,272,41
258,797,891,272,41
259,799,891,272,41
260,801,891,272,41
261,801,889,272,41
262,801,887,272,41
263,799,887,272,41
264,798,888,272,41
265,798,889,272,41
266,798,890,272,41
267,799,890,272,41
268,800,890,272,41
269,800,889,272,41
270,800,888,272,41
271,799,888,272,41
272,799,889,272,41
273,800,950,225,33
274,800,952,225,33
275,800,954,225,33
276,802,954,225,33
277,804,954,225,33
278,804,952,225,33
279,804,950,225,33
280,802,950,225,33
281,801,951,225,33
282,801,952,225,33
283,801,953,225,33
284,802,953,225,33
285,803,953,225,33
286,803,952,225,33
287,803,951,225,33
288,802,951,225,33
289,802,952,225,33
290,789,995,238,52
291,789,997,238,52
292,789,999,238,52
293,791,999,238,52
294,793,999,238,52
295,793,997,238,52
296,793,995,238,52
297,791,995,238,52
298,790,996,238,52
299,790,997,238,52
300,790,998,238,52
301,791,998,238,52
302,792,998,238,52
303,792,997,238,52
304,792,996,238,52
305,791,996,238,52
306,791,997,238,52
307,789,1055,251,41
308,789,1057,251,41
309,789,1059,251,41
310,791,1059,251,41
311,793,1059,251,41
312,793,1057,251,41
313,793,1055,251,41
314,791,1055,251,41
315,790,1056,251,41
316,790,1057,251,41
317,790,1058,251,41
318,791,1058,251,41
319,792,1058,251,41
320,792,1057,251,41
321,792,1056,251,41
322,791,1056,251,41
323,791,1057,251,41
324,793,1164,204,54
325,793,1166,204,54
326,793,1168,204,54
327,795,1168,204,54
328,797,1168,204,54
329,797,1166,204,54
330,797,1164,204,54
331,795,1164,204,54
332,794,1165,204,54
333,794,1166,204,54
334,794,1167,204,54
335,795,1167,204,54
336,796,1167,204,54
337,796,1166,204,54
338,796,1165,204,54
339,795,1165,204,54
340,795,1166,204,54
341,778,1226,293,63
342,778,1228,293,63
343,778,1230,293,63
344,780,1230,293,63
345,782,1230,293,63
346,782,1228,293,63
347,782,1226,293,63
348,780,1226,293,63
349,779,1227,293,63
350,779,1228,293,63
351,779,1229,293,63
352,780,1229,293,63
353,781,1229,293,63
354,781,1228,293,63
355,781,1227,293,63
356,780,1227,293,63
357,780,1228,293,63
1,727,151,384,47
2,727,153,384,47
3,727,155,384,47
4,729,155,384,47
5,731,155,384,47
6,731,153,384,47
7,731,151,384,47
8,729,151,384,47
9,728,152,384,47
10,728,153,384,47
11,728,154,384,47
12,729,154,384,47
13,730,154,384,47
14,730,153,384,47
15,730,152,384,47
16,729,152,384,47
17,729,153,384,47
18,726,205,289,44
19,726,207,289,44
20,726,209,289,44
21,728,209,289,44
22,730,209,289,44
23,730,207,289,44
24,730,205,289,44
25,728,205,289,44
26,727,206,289,44
27,727,207,289,44
28,727,208,289,44
29,728,208,289,44
30,729,208,289,44
31,729,207,289,44
32,729,206,289,44
33,728,206,289,44
34,728,207,289,44
35,724,254,267,36
36,724,256,267,36
37,724,258,267,36
38,726,258,267,36
39,728,258,267,36
40,728,256,267,36
41,728,254,267,36
42,726,254,267,36
43,725,255,267,36
44,725,256,267,36
45,725,257,267,36
46,726,257,267,36
47,727,257,267,36
48,727,256,267,36
49,727,255,267,36
50,726,255,267,36
51,726,256,267,36
52,722,305,260,39
53,722,307,260,39
54,722,309,260,39
55,724,309,260,39
56,726,309,260,39
57,726,307,260,39
58,726,305,260,39
59,724,305,260,39
60,723,306,260,39
61,723,307,260,39
62,723,308,260,39
63,724,308,260,39
64,725,308,260,39
65,725,307,260,39
66,725,306,260,39
67,724,306,260,39
68,724,307,260,39
69,725,357,260,37
70,725,359,260,37
71,725,361,260,37
72,727,361,260,37
73,729,361,260,37
74,729,359,260,37
75,729,357,260,37
76,727,357,260,37
77,726,358,260,37
78,726,359,260,37
79,726,360,260,37
80,727,360,260,37
81,728,360,260,37
82,728,359,260,37
83,728,358,260,37
84,727,358,260,37
85,727,359,260,37
86,726,410,252,39
87,726,412,252,39
88,726,414,252,39
89,728,414,252,39
90,730,414,252,39
91,730,412,252,39
92,730,410,252,39
93,728,410,252,39
94,727,411,252,39
95,727,412,252,39
96,727,413,252,39
97,728,413,252,39
98,729,413,252,39
99,729,412,252,39
100,729,411,252,39
101,728,411,252,39
102,728,412,252,39
103,721,456,259,45
104,721,458,259,45
105,721,460,259,45
106,723,460,259,45
107,725,460,259,45
108,725,458,259,45
109,725,456,259,45
110,723,456,259,45
111,722,457,259,45
112,722,458,259,45
113,722,459,259,45
114,723,459,259,45
115,724,459,259,45
116,724,458,259,45
117,724,457,259,45
118,723,457,259,45
119,723,458,259,45
120,728,513,241,32
121,728,515,241,32
122,728,517,241,32
123,730,517,241,32
124,732,517,241,32
125,732,515,241,32
126,732,513,241,32
127,730,513,241,32
128,729,514,241,32
129,729,515,241,32
130,729,516,241,32
131,730,516,241,32
132,731,516,241,32
133,731,515,241,32
134,731,514,241,32
135,730,514,241,32
136,730,515,241,32
137,719,547,277,56
138,719,549,277,56
139,719,551,277,56
140,721,551,277,56
141,723,551,277,56
142,723,549,277,56
143,723,547,277,56
144,721,547,277,56
145,720,548,277,56
146,720,549,277,56
147,720,550,277,56
148,721,550,277,56
149,722,550,277,56
150,722,549,277,56
151,722,548,277,56
152,721,548,277,56
153,721,549,277,56
154,702,634,283,47
155,702,636,283,47
156,702,638,283,47
157,704,638,283,47
158,706,638,283,47
159,706,636,283,47
160,706,634,283,47
161,704,634,283,47
162,703,635,283,47
163,703,636,283,47
164,703,637,283,47
165,704,637,283,47
166,705,637,283,47
167,705,636,283,47
168,705,635,283,47
169,704,635,283,47
170,704,636,283,47
171,700,692,296,50
172,700,694,296,50
173,700,696,296,50
174,702,696,296,50
175,704,696,296,50
176,704,694,296,50
177,704,692,296,50
178,702,692,296,50
179,701,693,296,50
180,701,694,296,50
181,701,695,296,50
182,702,695,296,50
183,703,695,296,50
184,703,694,296,50
185,703,693,296,50
186,702,693,296,50
187,702,694,296,50
188,689,750,247,49
189,689,752,247,49
190,689,754,247,49
191,691,754,247,49
192,693,754,247,49
193,693,752,247,49
194,693,750,247,49
195,691,750,247,49
196,690,751,247,49
197,690,752,247,49
198,690,753,247,49
199,691,753,247,49
200,692,753,247,49
201,692,752,247,49
202,692,751,247,49
203,691,751,247,49
204,691,752,247,49
205,681,813,302,48
206,681,815,302,48
207,681,817,302,48
208,683,817,302,48
209,685,817,302,48
210,685,815,302,48
211,685,813,302,48
212,683,813,302,48
213,682,814,302,48
214,682,815,302,48
215,682,816,302,48
216,683,816,302,48
217,684,816,302,48
218,684,815,302,48
219,684,814,302,48
220,683,814,302,48
221,683,815,302,48
222,681,868,299,46
223,681,870,299,46
224,681,872,299,46
225,683,872,299,46
226,685,872,299,46
227,685,870,299,46
228,685,868,299,46
229,683,868,299,46
230,682,869,299,46
231,682,870,299,46
232,682,871,299,46
233,683,871,299,46
234,684,871,299,46
235,684,870,299,46
236,684,869,299,46
237,683,869,299,46
238,683,870,299,46
239,689,923,268,46
240,689,925,268,46
241,689,927,268,46
242,691,927,268,46
243,693,927,268,46
244,693,925,268,46
245,693,923,268,46
246,691,923,268,46
247,690,924,268,46
248,690,925,268,46
249,690,926,268,46
250,691,926,268,46
251,692,926,268,46
252,692,925,268,46
253,692,924,268,46
254,691,924,268,46
255,691,925,268,46
256,679,981,241,37
257,679,983,241,37
258,679,985,241,37
259,681,985,241,37
260,683,985,241,37
261,683,983,241,37
262,683,981,241,37
263,681,981,241,37
264,680,982,241,37
265,680,983,241,37
266,680,984,241,37
267,681,984,241,37
268,682,984,241,37
269,682,983,241,37
270,682,982,241,37
271,681,982,241,37
272,681,983,241,37
273,676,1021,248,47
274,676,1023,248,47
275,676,1025,248,47
276,678,1025,248,47
277,680,1025,248,47
278,680,1023,248,47
279,680,1021,248,47
280,678,1021,248,47
281,677,1022,248,47
282,677,1023,248,47
283,677,1024,248,47
284,678,1024,248,47
285,679,1024,248,47
286,679,1023,248,47
287,679,1022,248,47
288,678,1022,248,47
289,678,1023,248,47
290,711,1079,259,43
291,711,1081,259,43
292,711,1083,259,43
293,713,1083,259,43
294,715,1083,259,43
295,715,1081,259,43
296,715,1079,259,43
297,713,1079,259,43
298,712,1080,259,43
299,712,1081,259,43
300,712,1082,259,43
301,713,1082,259,43
302,714,1082,259,43
303,714,1081,259,43
304,714,1080,259,43
305,713,1080,259,43
306,713,1081,259,43
307,727,1125,247,49
308,727,1127,247,49
309,727,1129,247,49
310,729,1129,247,49
311,731,1129,247,49
312,731,1127,247,49
313,731,1125,247,49
314,729,1125,247,49
315,728,1126,247,49
316,728,1127,247,49
317,728,1128,247,49
318,729,1128,247,49
319,730,1128,247,49
320,730,1127,247,49
321,730,1126,247,49
322,729,1126,247,49
323,729,1127,247,49
324,705,1201,303,46
325,705,1203,303,46
326,705,1205,303,46
327,707,1205,303,46
328,709,1205,303,46
329,709,1203,303,46
330,709,1201,303,46
331,707,1201,303,46
332,706,1202,303,46
333,706,1203,303,46
334,706,1204,303,46
335,707,1204,303,46
336,708,1204,303,46
337,708,1203,303,46
338,708,1202,303,46
339,707,1202,303,46
340,707,1203,303,46
341,698,1259,223,33
342,698,1261,223,33
343,698,1263,223,33
344,700,1263,223,33
345,702,1263,223,33
346,702,1261,223,33
347,702,1259,223,33
348,700,1259,223,33
349,699,1260,223,33
350,699,1261,223,33
351,699,1262,223,33
352,700,1262,223,33
353,701,1262,223,33
354,701,1261,223,33
355,701,1260,223,33
356,700,1260,223,33
357,700,1261,223,33
358,697,1314,240,32
359,697,1316,240,32
360,697,1318,240,32
361,699,1318,240,32
362,701,1318,240,32
363,701,1316,240,32
364,701,1314,240,32
365,699,1314,240,32
366,698,1315,240,32
367,698,1316,240,32
368,698,1317,240,32
369,699,1317,240,32
370,700,1317,240,32
371,700,1316,240,32
372,700,1315,240,32
373,699,1315,240,32
374,699,1316,240,32
375,697,1351,254,41
376,697,1353,254,41
377,697,1355,254,41
378,699,1355,254,41
379,701,1355,254,41
380,701,1353,254,41
381,701,1351,254,41
382,699,1351,254,41
383,698,1352,254,41
384,698,1353,254,41
385,698,1354,254,41
386,699,1354,254,41
387,700,1354,254,41
388,700,1353,254,41
389,700,1352,254,41
390,699,1352,254,41
391,699,1353,254,41
1,777,84,344,58
2,777,86,344,58
3,777,88,344,58
4,779,88,344,58
5,781,88,344,58
6,781,86,344,58
7,781,84,344,58
8,779,84,344,58
9,778,85,344,58
10,778,86,344,58
11,778,87,344,58
12,779,87,344,58
13,780,87,344,58
14,780,86,344,58
15,780,85,344,58
16,779,85,344,58
17,779,86,344,58
18,776,164,340,49
19,776,166,340,49
20,776,168,340,49
21,778,168,340,49
22,780,168,340,49
23,780,166,340,49
24,780,164,340,49
25,778,164,340,49
26,777,165,340,49
27,777,166,340,49
28,777,167,340,49
29,778,167,340,49
30,779,167,340,49
31,779,166,340,49
32,779,165,340,49
33,778,165,340,49
34,778,166,340,49
35,771,229,319,36
36,771,231,319,36
37,771,233,319,36
38,773,233,319,36
39,775,233,319,36
40,775,231,319,36
41,775,229,319,36
42,773,229,319,36
43,772,230,319,36
44,772,231,319,36
45,772,232,319,36
46,773,232,319,36
47,774,232,319,36
48,774,231,319,36
49,774,230,319,36
50,773,230,319,36
51,773,231,319,36
52,765,277,320,56
53,765,279,320,56
54,765,281,320,56
55,767,281,320,56
56,769,281,320,56
57,769,279,320,56
58,769,277,320,56
59,767,277,320,56
60,766,278,320,56
61,766,279,320,56
62,766,280,320,56
63,767,280,320,56
64,768,280,320,56
65,768,279,320,56
66,768,278,320,56
67,767,278,320,56
68,767,279,320,56
69,761,346,309,54
70,761,348,309,54
71,761,350,309,54
72,763,350,309,54
73,765,350,309,54
74,765,348,309,54
75,765,346,309,54
76,763,346,309,54
77,762,347,309,54
78,762,348,309,54
79,762,349,309,54
80,763,349,309,54
81,764,349,309,54
82,764,348,309,54
83,764,347,309,54
84,763,347,309,54
85,763,348,309,54
86,756,425,307,44
87,756,427,307,44
88,756,429,307,44
89,758,429,307,44
90,760,429,307,44
91,760,427,307,44
92,760,425,307,44
93,758,425,307,44
94,757,426,307,44
95,757,427,307,44
96,757,428,307,44
97,758,428,307,44
98,759,428,307,44
99,759,427,307,44
100,759,426,307,44
101,758,426,307,44
102,758,427,307,44
103,752,491,293,53
104,752,493,293,53
105,752,495,293,53
106,754,495,293,53
107,756,495,293,53
108,756,493,293,53
109,756,491,293,53
110,754,491,293,53
111,753,492,293,53
112,753,493,293,53
113,753,494,293,53
114,754,494,293,53
115,755,494,293,53
116,755,493,293,53
117,755,492,293,53
118,754,492,293,53
119,754,493,293,53
120,750,549,301,50
121,750,551,301,50
122,750,553,301,50
123,752,553,301,50
124,754,553,301,50
125,754,551,301,50
126,754,549,301,50
127,752,549,301,50
128,751,550,301,50
129,751,551,301,50
130,751,552,301,50
131,752,552,301,50
132,753,552,301,50
133,753,551,301,50
134,753,550,301,50
135,752,550,301,50
136,752,551,301,50
137,766,605,278,42
138,766,607,278,42
139,766,609,278,42
140,768,609,278,42
141,770,609,278,42
142,770,607,278,42
143,770,605,278,42
144,768,605,278,42
145,767,606,278,42
146,767,607,278,42
147,767,608,278,42
148,768,608,278,42
149,769,608,278,42
150,769,607,278,42
151,769,606,278,42
152,768,606,278,42
153,768,607,278,42
154,758,654,272,44
155,758,656,272,44
156,758,658,272,44
157,760,658,272,44
158,762,658,272,44
159,762,656,272,44
160,762,654,272,44
161,760,654,272,44
162,759,655,272,44
163,759,656,272,44
164,759,657,272,44
165,760,657,272,44
166,761,657,272,44
167,761,656,272,44
168,761,655,272,44
169,760,655,272,44
170,760,656,272,44
171,756,703,274,41
172,756,705,274,41
173,756,707,274,41
174,758,707,274,41
175,760,707,274,41
176,760,705,274,41
177,760,703,274,41
178,758,703,274,41
179,757,704,274,41
180,757,705,274,41
181,757,706,274,41
182,758,706,274,41
183,759,706,274,41
184,759,705,274,41
185,759,704,274,41
186,758,704,274,41
187,758,705,274,41
188,752,760,263,38
189,752,762,263,38
190,752,764,263,38
191,754,764,263,38
192,756,764,263,38
193,756,762,263,38
194,756,760,263,38
195,754,760,263,38
196,753,761,263,38
197,753,762,263,38
198,753,763,263,38
199,754,763,263,38
200,755,763,263,38
201,755,762,263,38
202,755,761,263,38
203,754,761,263,38
204,754,762,263,38
205,765,803,227,36
206,765,805,227,36
207,765,807,227,36
208,767,807,227,36
209,769,807,227,36
210,769,805,227,36
211,769,803,227,36
212,767,803,227,36
213,766,804,227,36
214,766,805,227,36
215,766,806,227,36
216,767,806,227,36
217,768,806,227,36
218,768,805,227,36
219,768,804,227,36
220,767,804,227,36
221,767,805,227,36
222,764,845,245,38
223,764,847,245,38
224,764,849,245,38
225,766,849,245,38
226,768,849,245,38
227,768,847,245,38
228,768,845,245,38
229,766,845,245,38
230,765,846,245,38
231,765,847,245,38
232,765,848,245,38
233,766,848,245,38
234,767,848,245,38
235,767,847,245,38
236,767,846,245,38
237,766,846,245,38
238,766,847,245,38
239,755,899,248,40
240,755,901,248,40
241,755,903,248,40
242,757,903,248,40
243,759,903,248,40
244,759,901,248,40
245,759,899,248,40
246,757,899,248,40
247,756,900,248,40
248,756,901,248,40
249,756,902,248,40
250,757,902,248,40
251,758,902,248,40
252,758,901,248,40
253,758,900,248,40
254,757,900,248,40
255,757,901,248,40
256,749,954,259,55
257,749,956,259,55
258,749,958,259,55
259,751,958,259,55
260,753,958,259,55
261,753,956,259,55
262,753,954,259,55
263,751,954,259,55
264,750,955,259,55
265,750,956,259,55
266,750,957,259,55
267,751,957,259,55
268,752,957,259,55
269,752,956,259,55
270,752,955,259,55
271,751,955,259,55
272,751,956,259,55
273,749,1025,255,49
274,749,1027,255,49
275,749,1029,255,49
276,751,1029,255,49
277,753,1029,255,49
278,753,1027,255,49
279,753,1025,255,49
280,751,1025,255,49
281,750,1026,255,49
282,750,1027,255,49
283,750,1028,255,49
284,751,1028,255,49
285,752,1028,255,49
286,752,1027,255,49
287,752,1026,255,49
288,751,1026,255,49
289,751,1027,255,49
290,751,1087,270,42
291,751,1089,270,42
292,751,1091,270,42
293,753,1091,270,42
294,755,1091,270,42
295,755,1089,270,42
296,755,1087,270,42
297,753,1087,270,42
298,752,1088,270,42
299,752,1089,270,42
300,752,1090,270,42
301,753,1090,270,42
302,754,1090,270,42
303,754,1089,270,42
304,754,1088,270,42
305,753,1088,270,42
306,753,1089,270,42
307,751,1132,271,42
308,751,1134,271,42
309,751,1136,271,42
310,753,1136,271,42
311,755,1136,271,42
312,755,1134,271,42
313,755,1132,271,42
314,753,1132,271,42
315,752,1133,271,42
316,752,1134,271,42
317,752,1135,271,42
318,753,1135,271,42
319,754,1135,271,42
320,754,1134,271,42
321,754,1133,271,42
322,753,1133,271,42
323,753,1134,271,42
324,755,1193,275,40
325,755,1195,275,40
326,755,1197,275,40
327,757,1197,275,40
328,759,1197,275,40
329,759,1195,275,40
330,759,1193,275,40
331,757,1193,275,40
332,756,1194,275,40
333,756,1195,275,40
334,756,1196,275,40
335,757,1196,275,40
336,758,1196,275,40
337,758,1195,275,40
338,758,1194,275,40
339,757,1194,275,40
340,757,1195,275,40
341,743,1255,285,50
342,743,1257,285,50
343,743,1259,285,50
344,745,1259,285,50
345,747,1259,285,50
346,747,1257,285,50
347,747,1255,285,50
348,745,1255,285,50
349,744,1256,285,50
350,744,1257,285,50
351,744,1258,285,50
352,745,1258,285,50
353,746,1258,285,50
354,746,1257,285,50
355,746,1256,285,50
356,745,1256,285,50
357,745,1257,285,50
358,735,1321,313,60
359,735,1323,313,60
360,735,1325,313,60
361,737,1325,313,60
362,739,1325,313,60
363,739,1323,313,60
364,739,1321,313,60
365,737,1321,313,60
366,736,1322,313,60
367,736,1323,313,60
368,736,1324,313,60
369,737,1324,313,60
370,738,1324,313,60
371,738,1323,313,60
372,738,1322,313,60
373,737,1322,313,60
374,737,1323,313,60
375,722,1398,232,60
376,722,1400,232,60
377,722,1402,232,60
378,724,1402,232,60
379,726,1402,232,60
380,726,1400,232,60
381,726,1398,232,60
382,724,1398,232,60
383,723,1399,232,60
384,723,1400,232,60
385,723,1401,232,60
386,724,1401,232,60
387,725,1401,232,60
388,725,1400,232,60
389,725,1399,232,60
390,724,1399,232,60
391,724,1400,232,60
1,769,66,391,45
2,769,68,391,45
3,769,70,391,45
4,771,70,391,45
5,773,70,391,45
6,773,68,391,45
7,773,66,391,45
8,771,66,391,45
9,770,67,391,45
10,770,68,391,45
11,770,69,391,45
12,771,69,391,45
13,772,69,391,45
14,772,68,391,45
15,772,67,391,45
16,771,67,391,45
17,771,68,391,45
18,755,181,302,62
19,755,183,302,62
20,755,185,302,62
21,757,185,302,62
22,759,185,302,62
23,759,183,302,62
24,759,181,302,62
25,757,181,302,62
26,756,182,302,62
27,756,183,302,62
28,756,184,302,62
29,757,184,302,62
30,758,184,302,62
31,758,183,302,62
32,758,182,302,62
33,757,182,302,62
34,757,183,302,62
35,763,294,290,48
36,763,296,290,48
37,763,298,290,48
38,765,298,290,48
39,767,298,290,48
40,767,296,290,48
41,767,294,290,48
42,765,294,290,48
43,764,295,290,48
44,764,296,290,48
45,764,297,290,48
46,765,297,290,48
47,766,297,290,48
48,766,296,290,48
49,766,295,290,48
50,765,295,290,48
51,765,296,290,48
52,761,377,260,50
53,761,379,260,50
54,761,381,260,50
55,763,381,260,50
56,765,381,260,50
57,765,379,260,50
58,765,377,260,50
59,763,377,260,50
60,762,378,260,50
61,762,379,260,50
62,762,380,260,50
63,763,380,260,50
64,764,380,260,50
65,764,379,260,50
66,764,378,260,50
67,763,378,260,50
68,763,379,260,50
69,749,460,267,48
70,749,462,267,48
71,749,464,267,48
72,751,464,267,48
73,753,464,267,48
74,753,462,267,48
75,753,460,267,48
76,751,460,267,48
77,750,461,267,48
78,750,462,267,48
79,750,463,267,48
80,751,463,267,48
81,752,463,267,48
82,752,462,267,48
83,752,461,267,48
84,751,461,267,48
85,751,462,267,48
86,746,539,258,47
87,746,541,258,47
88,746,543,258,47
89,748,543,258,47
90,750,543,258,47
91,750,541,258,47
92,750,539,258,47
93,748,539,258,47
94,747,540,258,47
95,747,541,258,47
96,747,542,258,47
97,748,542,258,47
98,749,542,258,47
99,749,541,258,47
100,749,540,258,47
101,748,540,258,47
102,748,541,258,47
103,731,628,273,44
104,731,630,273,44
105,731,632,273,44
106,733,632,273,44
107,735,632,273,44
108,735,630,273,44
109,735,628,273,44
110,733,628,273,44
111,732,629,273,44
112,732,630,273,44
113,732,631,273,44
114,733,631,273,44
115,734,631,273,44
116,734,630,273,44
117,734,629,273,44
118,733,629,273,44
119,733,630,273,44
120,716,689,323,55
121,716,691,323,55
122,716,693,323,55
123,718,693,323,55
124,720,693,323,55
125,720,691,323,55
126,720,689,323,55
127,718,689,323,55
128,717,690,323,55
129,717,691,323,55
130,717,692,323,55
131,718,692,323,55
132,719,692,323,55
133,719,691,323,55
134,719,690,323,55
135,718,690,323,55
136,718,691,323,55
137,701,780,186,53
138,701,782,186,53
139,701,784,186,53
140,703,784,186,53
141,705,784,186,53
142,705,782,186,53
143,705,780,186,53
144,703,780,186,53
145,702,781,186,53
146,702,782,186,53
147,702,783,186,53
148,703,783,186,53
149,704,783,186,53
150,704,782,186,53
151,704,781,186,53
152,703,781,186,53
153,703,782,186,53
154,710,859,326,61
155,710,861,326,61
156,710,863,326,61
157,712,863,326,61
158,714,863,326,61
159,714,861,326,61
160,714,859,326,61
161,712,859,326,61
162,711,860,326,61
163,711,861,326,61
164,711,862,326,61
165,712,862,326,61
166,713,862,326,61
167,713,861,326,61
168,713,860,326,61
169,712,860,326,61
170,712,861,326,61
171,731,951,292,45
172,731,953,292,45
173,731,955,292,45
174,733,955,292,45
175,735,955,292,45
176,735,953,292,45
177,735,951,292,45
178,733,951,292,45
179,732,952,292,45
180,732,953,292,45
181,732,954,292,45
182,733,954,292,45
183,734,954,292,45
184,734,953,292,45
185,734,952,292,45
186,733,952,292,45
187,733,953,292,45
188,720,1000,324,49
189,720,1002,324,49
190,720,1004,324,49
191,722,1004,324,49
192,724,1004,324,49
193,724,1002,324,49
194,724,1000,324,49
195,722,1000,324,49
196,721,1001,324,49
197,721,1002,324,49
198,721,1003,324,49
199,722,1003,324,49
200,723,1003,324,49
201,723,1002,324,49
202,723,1001,324,49
203,722,1001,324,49
204,722,1002,324,49
205,712,1084,297,37
206,712,1086,297,37
207,712,1088,297,37
208,714,1088,297,37
209,716,1088,297,37
210,716,1086,297,37
211,716,1084,297,37
212,714,1084,297,37
213,713,1085,297,37
214,713,1086,297,37
215,713,1087,297,37
216,714,1087,297,37
217,715,1087,297,37
218,715,1086,297,37
219,715,1085,297,37
220,714,1085,297,37
221,714,1086,297,37
222,711,1137,258,51
223,711,1139,258,51
224,711,1141,258,51
225,713,1141,258,51
226,715,1141,258,51
227,715,1139,258,51
228,715,1137,258,51
229,713,1137,258,51
230,712,1138,258,51
231,712,1139,258,51
232,712,1140,258,51
233,713,1140,258,51
234,714,1140,258,51
235,714,1139,258,51
236,714,1138,258,51
237,713,1138,258,51
238,713,1139,258,51
239,710,1198,247,43
240,710,1200,247,43
241,710,1202,247,43
242,712,1202,247,43
243,714,1202,247,43
244,714,1200,247,43
245,714,1198,247,43
246,712,1198,247,43
247,711,1199,247,43
248,711,1200,247,43
249,711,1201,247,43
250,712,1201,247,43
251,713,1201,247,43
252,713,1200,247,43
253,713,1199,247,43
254,712,1199,247,43
255,712,1200,247,43
256,710,1242,266,47
257,710,1244,266,47
258,710,1246,266,47
259,712,1246,266,47
260,714,1246,266,47
261,714,1244,266,47
262,714,1242,266,47
263,712,1242,266,47
264,711,1243,266,47
265,711,1244,266,47
266,711,1245,266,47
267,712,1245,266,47
268,713,1245,266,47
269,713,1244,266,47
270,713,1243,266,47
271,712,1243,266,47
272,712,1244,266,47
273,696,1293,279,53
274,696,1295,279,53
275,696,1297,279,53
276,698,1297,279,53
277,700,1297,279,53
278,700,1295,279,53
279,700,1293,279,53
280,698,1293,279,53
281,697,1294,279,53
282,697,1295,279,53
283,697,1296,279,53
284,698,1296,279,53
285,699,1296,279,53
286,699,1295,279,53
287,699,1294,279,53
288,698,1294,279,53
289,698,1295,279,53
290,703,1357,249,43
291,703,1359,249,43
292,703,1361,249,43
293,705,1361,249,43
294,707,1361,249,43
295,707,1359,249,43
296,707,1357,249,43
297,705,1357,249,43
298,704,1358,249,43
299,704,1359,249,43
300,704,1360,249,43
301,705,1360,249,43
302,706,1360,249,43
303,706,1359,249,43
304,706,1358,249,43
305,705,1358,249,43
306,705,1359,249,43
307,700,1435,262,38
308,700,1437,262,38
309,700,1439,262,38
310,702,1439,262,38
311,704,1439,262,38
312,704,1437,262,38
313,704,1435,262,38
314,702,1435,262,38
315,701,1436,262,38
316,701,1437,262,38
317,701,1438,262,38
318,702,1438,262,38
319,703,1438,262,38
320,703,1437,262,38
321,703,1436,262,38
322,702,1436,262,38
323,702,1437,262,38
324,696,1488,267,38
325,696,1490,267,38
326,696,1492,267,38
327,698,1492,267,38
328,700,1492,267,38
329,700,1490,267,38
330,700,1488,267,38
331,698,1488,267,38
332,697,1489,267,38
333,697,1490,267,38
334,697,1491,267,38
335,698,1491,267,38
336,699,1491,267,38
337,699,1490,267,38
338,699,1489,267,38
339,698,1489,267,38
340,698,1490,267,38
1,815,102,352,64
2,815,104,352,64
3,815,106,352,64
4,817,106,352,64
5,819,106,352,64
6,819,104,352,64
7,819,102,352,64
8,817,102,352,64
9,816,103,352,64
10,816,104,352,64
11,816,105,352,64
12,817,105,352,64
13,818,105,352,64
14,818,104,352,64
15,818,103,352,64
16,817,103,352,64
17,817,104,352,64
18,813,186,300,39
19,813,188,300,39
20,813,190,300,39
21,815,190,300,39
22,817,190,300,39
23,817,188,300,39
24,817,186,300,39
25,815,186,300,39
26,814,187,300,39
27,814,188,300,39
28,814,189,300,39
29,815,189,300,39
30,816,189,300,39
31,816,188,300,39
32,816,187,300,39
33,815,187,300,39
34,815,188,300,39
35,812,230,299,37
36,812,232,299,37
37,812,234,299,37
38,814,234,299,37
39,816,234,299,37
40,816,232,299,37
41,816,230,299,37
42,814,230,299,37
43,813,231,299,37
44,813,232,299,37
45,813,233,299,37
46,814,233,299,37
47,815,233,299,37
48,815,232,299,37
49,815,231,299,37
50,814,231,299,37
51,814,232,299,37
52,813,293,290,37
53,813,295,290,37
54,813,297,290,37
55,815,297,290,37
56,817,297,290,37
57,817,295,290,37
58,817,293,290,37
59,815,293,290,37
60,814,294,290,37
61,814,295,290,37
62,814,296,290,37
63,815,296,290,37
64,816,296,290,37
65,816,295,290,37
66,816,294,290,37
67,815,294,290,37
68,815,295,290,37
69,800,346,301,47
70,800,348,301,47
71,800,350,301,47
72,802,350,301,47
73,804,350,301,47
74,804,348,301,47
75,804,346,301,47
76,802,346,301,47
77,801,347,301,47
78,801,348,301,47
79,801,349,301,47
80,802,349,301,47
81,803,349,301,47
82,803,348,301,47
83,803,347,301,47
84,802,347,301,47
85,802,348,301,47
86,797,412,256,41
87,797,414,256,41
88,797,416,256,41
89,799,416,256,41
90,801,416,256,41
91,801,414,256,41
92,801,412,256,41
93,799,412,256,41
94,798,413,256,41
95,798,414,256,41
96,798,415,256,41
97,799,415,256,41
98,800,415,256,41
99,800,414,256,41
100,800,413,256,41
101,799,413,256,41
102,799,414,256,41
103,797,461,265,54
104,797,463,265,54
105,797,465,265,54
106,799,465,265,54
107,801,465,265,54
108,801,463,265,54
109,801,461,265,54
110,799,461,265,54
111,798,462,265,54
112,798,463,265,54
113,798,464,265,54
114,799,464,265,54
115,800,464,265,54
116,800,463,265,54
117,800,462,265,54
118,799,462,265,54
119,799,463,265,54
120,782,521,284,35
121,782,523,284,35
122,782,525,284,35
123,784,525,284,35
124,786,525,284,35
125,786,523,284,35
126,786,521,284,35
127,784,521,284,35
128,783,522,284,35
129,783,523,284,35
130,783,524,284,35
131,784,524,284,35
132,785,524,284,35
133,785,523,284,35
134,785,522,284,35
135,784,522,284,35
136,784,523,284,35
137,790,561,268,43
138,790,563,268,43
139,790,565,268,43
140,792,565,268,43
141,794,565,268,43
142,794,563,268,43
143,794,561,268,43
144,792,561,268,43
145,791,562,268,43
146,791,563,268,43
147,791,564,268,43
148,792,564,268,43
149,793,564,268,43
150,793,563,268,43
151,793,562,268,43
152,792,562,268,43
153,792,563,268,43
154,769,613,309,53
155,769,615,309,53
156,769,617,309,53
157,771,617,309,53
158,773,617,309,53
159,773,615,309,53
160,773,613,309,53
161,771,613,309,53
162,770,614,309,53
163,770,615,309,53
164,770,616,309,53
165,771,616,309,53
166,772,616,309,53
167,772,615,309,53
168,772,614,309,53
169,771,614,309,53
170,771,615,309,53
171,745,689,321,46
172,745,691,321,46
173,745,693,321,46
174,747,693,321,46
175,749,693,321,46
176,749,691,321,46
177,749,689,321,46
178,747,689,321,46
179,746,690,321,46
180,746,691,321,46
181,746,692,321,46
182,747,692,321,46
183,748,692,321,46
184,748,691,321,46
185,748,690,321,46
186,747,690,321,46
187,747,691,321,46
188,746,745,274,51
189,746,747,274,51
190,746,749,274,51
191,748,749,274,51
192,750,749,274,51
193,750,747,274,51
194,750,745,274,51
195,748,745,274,51
196,747,746,274,51
197,747,747,274,51
198,747,748,274,51
199,748,748,274,51
200,749,748,274,51
201,749,747,274,51
202,749,746,274,51
203,748,746,274,51
204,748,747,274,51
205,753,823,311,41
206,753,825,311,41
207,753,827,311,41
208,755,827,311,41
209,757,827,311,41
210,757,825,311,41
211,757,823,311,41
212,755,823,311,41
213,754,824,311,41
214,754,825,311,41
215,754,826,311,41
216,755,826,311,41
217,756,826,311,41
218,756,825,311,41
219,756,824,311,41
220,755,824,311,41
221,755,825,311,41
222,752,884,294,46
223,752,886,294,46
224,752,888,294,46
225,754,888,294,46
226,756,888,294,46
227,756,886,294,46
228,756,884,294,46
229,754,884,294,46
230,753,885,294,46
231,753,886,294,46
232,753,887,294,46
233,754,887,294,46
234,755,887,294,46
235,755,886,294,46
236,755,885,294,46
237,754,885,294,46
238,754,886,294,46
239,764,963,271,43
240,764,965,271,43
241,764,967,271,43
242,766,967,271,43
243,768,967,271,43
244,768,965,271,43
245,768,963,271,43
246,766,963,271,43
247,765,964,271,43
248,765,965,271,43
249,765,966,271,43
250,766,966,271,43
251,767,966,271,43
252,767,965,271,43
253,767,964,271,43
254,766,964,271,43
255,766,965,271,43
256,757,1023,254,49
257,757,1025,254,49
258,757,1027,254,49
259,759,1027,254,49
260,761,1027,254,49
261,761,1025,254,49
262,761,1023,254,49
263,759,1023,254,49
264,758,1024,254,49
265,758,1025,254,49
266,758,1026,254,49
267,759,1026,254,49
268,760,1026,254,49
269,760,1025,254,49
270,760,1024,254,49
271,759,1024,254,49
272,759,1025,254,49
273,769,1102,251,49
274,769,1104,251,49
275,769,1106,251,49
276,771,1106,251,49
277,773,1106,251,49
278,773,1104,251,49
279,773,1102,251,49
280,771,1102,251,49
281,770,1103,251,49
282,770,1104,251,49
283,770,1105,251,49
284,771,1105,251,49
285,772,1105,251,49
286,772,1104,251,49
287,772,1103,251,49
288,771,1103,251,49
289,771,1104,251,49
290,767,1200,268,46
291,767,1202,268,46
292,767,1204,268,46
293,769,1204,268,46
294,771,1204,268,46
295,771,1202,268,46
296,771,1200,268,46
297,769,1200,268,46
298,768,1201,268,46
299,768,1202,268,46
300,768,1203,268,46
301,769,1203,268,46
302,770,1203,268,46
303,770,1202,268,46
304,770,1201,268,46
305,769,1201,268,46
306,769,1202,268,46
307,759,1253,284,55
308,759,1255,284,55
309,759,1257,284,55
310,761,1257,284,55
311,763,1257,284,55
312,763,1255,284,55
313,763,1253,284,55
314,761,1253,284,55
315,760,1254,284,55
316,760,1255,284,55
317,760,1256,284,55
318,761,1256,284,55
319,762,1256,284,55
320,762,1255,284,55
321,762,1254,284,55
322,761,1254,284,55
323,761,1255,284,55
1,1022,104,243,45
2,1022,106,243,45
3,1022,108,243,45
4,1024,108,243,45
5,1026,108,243,45
6,1026,106,243,45
7,1026,104,243,45
8,1024,104,243,45
9,1023,105,243,45
10,1023,106,243,45
11,1023,107,243,45
12,1024,107,243,45
13,1025,107,243,45
14,1025,106,243,45
15,1025,105,243,45
16,1024,105,243,45
17,1024,106,243,45
18,1002,183,280,62
19,1002,185,280,62
20,1002,187,280,62
21,1004,187,280,62
22,1006,187,280,62
23,1006,185,280,62
24,1006,183,280,62
25,1004,183,280,62
26,1003,184,280,62
27,1003,185,280,62
28,1003,186,280,62
29,1004,186,280,62
30,1005,186,280,62
31,1005,185,280,62
32,1005,184,280,62
33,1004,184,280,62
34,1004,185,280,62
35,995,266,256,40
36,995,268,256,40
37,995,270,256,40
38,997,270,256,40
39,999,270,256,40
40,999,268,256,40
41,999,266,256,40
42,997,266,256,40
43,996,267,256,40
44,996,268,256,40
45,996,269,256,40
46,997,269,256,40
47,998,269,256,40
48,998,268,256,40
49,998,267,256,40
50,997,267,256,40
51,997,268,256,40
52,995,320,223,37
53,995,322,223,37
54,995,324,223,37
55,997,324,223,37
56,999,324,223,37
57,999,322,223,37
58,999,320,223,37
59,997,320,223,37
60,996,321,223,37
61,996,322,223,37
62,996,323,223,37
63,997,323,223,37
64,998,323,223,37
65,998,322,223,37
66,998,321,223,37
67,997,321,223,37
68,997,322,223,37
69,986,366,235,40
70,986,368,235,40
71,986,370,235,40
72,988,370,235,40
73,990,370,235,40
74,990,368,235,40
75,990,366,235,40
76,988,366,235,40
77,987,367,235,40
78,987,368,235,40
79,987,369,235,40
80,988,369,235,40
81,989,369,235,40
82,989,368,235,40
83,989,367,235,40
84,988,367,235,40
85,988,368,235,40
86,982,432,283,49
87,982,434,283,49
88,982,436,283,49
89,984,436,283,49
90,986,436,283,49
91,986,434,283,49
92,986,432,283,49
93,984,432,283,49
94,983,433,283,49
95,983,434,283,49
96,983,435,283,49
97,984,435,283,49
98,985,435,283,49
99,985,434,283,49
100,985,433,283,49
101,984,433,283,49
102,984,434,283,49
103,983,484,248,49
104,983,486,248,49
105,983,488,248,49
106,985,488,248,49
107,987,488,248,49
108,987,486,248,49
109,987,484,248,49
110,985,484,248,49
111,984,485,248,49
112,984,486,248,49
113,984,487,248,49
114,985,487,248,49
115,986,487,248,49
116,986,486,248,49
117,986,485,248,49
118,985,485,248,49
119,985,486,248,49
120,978,536,250,41
121,978,538,250,41
122,978,540,250,41
123,980,540,250,41
124,982,540,250,41
125,982,538,250,41
126,982,536,250,41
127,980,536,250,41
128,979,537,250,41
129,979,538,250,41
130,979,539,250,41
131,980,539,250,41
132,981,539,250,41
133,981,538,250,41
134,981,537,250,41
135,980,537,250,41
136,980,538,250,41
137,977,627,288,43
138,977,629,288,43
139,977,631,288,43
140,979,631,288,43
141,981,631,288,43
142,981,629,288,43
143,981,627,288,43
144,979,627,288,43
145,978,628,288,43
146,978,629,288,43
147,978,630,288,43
148,979,630,288,43
149,980,630,288,43
150,980,629,288,43
151,980,628,288,43
152,979,628,288,43
153,979,629,288,43
154,968,700,271,34
155,968,702,271,34
156,968,704,271,34
157,970,704,271,34
158,972,704,271,34
159,972,702,271,34
160,972,700,271,34
161,970,700,271,34
162,969,701,271,34
163,969,702,271,34
164,969,703,271,34
165,970,703,271,34
166,971,703,271,34
167,971,702,271,34
168,971,701,271,34
169,970,701,271,34
170,970,702,271,34
171,991,763,258,42
172,991,765,258,42
173,991,767,258,42
174,993,767,258,42
175,995,767,258,42
176,995,765,258,42
177,995,763,258,42
178,993,763,258,42
179,992,764,258,42
180,992,765,258,42
181,992,766,258,42
182,993,766,258,42
183,994,766,258,42
184,994,765,258,42
185,994,764,258,42
186,993,764,258,42
187,993,765,258,42
188,990,827,256,39
189,990,829,256,39
190,990,831,256,39
191,992,831,256,39
192,994,831,256,39
193,994,829,256,39
194,994,827,256,39
195,992,827,256,39
196,991,828,256,39
197,991,829,256,39
198,991,830,256,39
199,992,830,256,39
200,993,830,256,39
201,993,829,256,39
202,993,828,256,39
203,992,828,256,39
204,992,829,256,39
205,977,877,255,53
206,977,879,255,53
207,977,881,255,53
208,979,881,255,53
209,981,881,255,53
210,981,879,255,53
211,981,877,255,53
212,979,877,255,53
213,978,878,255,53
214,978,879,255,53
215,978,880,255,53
216,979,880,255,53
217,980,880,255,53
218,980,879,255,53
219,980,878,255,53
220,979,878,255,53
221,979,879,255,53
222,970,936,244,49
223,970,938,244,49
224,970,940,244,49
225,972,940,244,49
226,974,940,244,49
227,974,938,244,49
228,974,936,244,49
229,972,936,244,49
230,971,937,244,49
231,971,938,244,49
232,971,939,244,49
233,972,939,244,49
234,973,939,244,49
235,973,938,244,49
236,973,937,244,49
237,972,937,244,49
238,972,938,244,49
239,963,997,258,45
240,963,999,258,45
241,963,1001,258,45
242,965,1001,258,45
243,967,1001,258,45
244,967,999,258,45
245,967,997,258,45
246,965,997,258,45
247,964,998,258,45
248,964,999,258,45
249,964,1000,258,45
250,965,1000,258,45
251,966,1000,258,45
252,966,999,258,45
253,966,998,258,45
254,965,998,258,45
255,965,999,258,45
256,954,1053,269,45
257,954,1055,269,45
258,954,1057,269,45
259,956,1057,269,45
260,958,1057,269,45
261,958,1055,269,45
262,958,1053,269,45
263,956,1053,269,45
264,955,1054,269,45
265,955,1055,269,45
266,955,1056,269,45
267,956,1056,269,45
268,957,1056,269,45
269,957,1055,269,45
270,957,1054,269,45
271,956,1054,269,45
272,956,1055,269,45
273,950,1101,200,38
274,950,1103,200,38
275,950,1105,200,38
276,952,1105,200,38
277,954,1105,200,38
278,954,1103,200,38
279,954,1101,200,38
280,952,1101,200,38
281,951,1102,200,38
282,951,1103,200,38
283,951,1104,200,38
284,952,1104,200,38
285,953,1104,200,38
286,953,1103,200,38
287,953,1102,200,38
288,952,1102,200,38
289,952,1103,200,38
290,940,1158,177,52
291,940,1160,177,52
292,940,1162,177,52
293,942,1162,177,52
294,944,1162,177,52
295,944,1160,177,52
296,944,1158,177,52
297,942,1158,177,52
298,941,1159,177,52
299,941,1160,177,52
300,941,1161,177,52
301,942,1161,177,52
302,943,1161,177,52
303,943,1160,177,52
304,943,1159,177,52
305,942,1159,177,52
306,942,1160,177,52
307,937,1219,227,41
308,937,1221,227,41
309,937,1223,227,41
310,939,1223,227,41
311,941,1223,227,41
312,941,1221,227,41
313,941,1219,227,41
314,939,1219,227,41
315,938,1220,227,41
316,938,1221,227,41
317,938,1222,227,41
318,939,1222,227,41
319,940,1222,227,41
320,940,1221,227,41
321,940,1220,227,41
322,939,1220,227,41
323,939,1221,227,41
324,935,1291,220,32
325,935,1293,220,32
326,935,1295,220,32
327,937,1295,220,32
328,939,1295,220,32
329,939,1293,220,32
330,939,1291,220,32
331,937,1291,220,32
332,936,1292,220,32
333,936,1293,220,32
334,936,1294,220,32
335,937,1294,220,32
336,938,1294,220,32
337,938,1293,220,32
338,938,1292,220,32
339,937,1292,220,32
340,937,1293,220,32
341,929,1330,263,35
342,929,1332,263,35
343,929,1334,263,35
344,931,1334,263,35
345,933,1334,263,35
346,933,1332,263,35
347,933,1330,263,35
348,931,1330,263,35
349,930,1331,263,35
350,930,1332,263,35
351,930,1333,263,35
352,931,1333,263,35
353,932,1333,263,35
354,932,1332,263,35
355,932,1331,263,35
356,931,1331,263,35
357,931,1332,263,35
358,933,1387,274,47
359,933,1389,274,47
360,933,1391,274,47
361,935,1391,274,47
362,937,1391,274,47
363,937,1389,274,47
364,937,1387,274,47
365,935,1387,274,47
366,934,1388,274,47
367,934,1389,274,47
368,934,1390,274,47
369,935,1390,274,47
370,936,1390,274,47
371,936,1389,274,47
372,936,1388,274,47
373,935,1388,274,47
374,935,1389,274,47
1,1131,112,389,95
2,1131,114,389,95
3,1131,116,389,95
4,1133,116,389,95
5,1135,116,389,95
6,1135,114,389,95
7,1135,112,389,95
8,1133,112,389,95
9,1132,113,389,95
10,1132,114,389,95
11,1132,115,389,95
12,1133,115,389,95
13,1134,115,389,95
14,1134,114,389,95
15,1134,113,389,95
16,1133,113,389,95
17,1133,114,389,95
18,1124,230,413,79
19,1124,232,413,79
20,1124,234,413,79
21,1126,234,413,79
22,1128,234,413,79
23,1128,232,413,79
24,1128,230,413,79
25,1126,230,413,79
26,1125,231,413,79
27,1125,232,413,79
28,1125,233,413,79
29,1126,233,413,79
30,1127,233,413,79
31,1127,232,413,79
32,1127,231,413,79
33,1126,231,413,79
34,1126,232,413,79
35,1131,126,380,71
36,1131,128,380,71
37,1131,130,380,71
38,1133,130,380,71
39,1135,130,380,71
40,1135,128,380,71
41,1135,126,380,71
42,1133,126,380,71
43,1132,127,380,71
44,1132,128,380,71
45,1132,129,380,71
46,1133,129,380,71
47,1134,129,380,71
48,1134,128,380,71
49,1134,127,380,71
50,1133,127,380,71
51,1133,128,380,71
52,1131,226,401,83
53,1131,228,401,83
54,1131,230,401,83
55,1133,230,401,83
56,1135,230,401,83
57,1135,228,401,83
58,1135,226,401,83
59,1133,226,401,83
60,1132,227,401,83
61,1132,228,401,83
62,1132,229,401,83
63,1133,229,401,83
64,1134,229,401,83
65,1134,228,401,83
66,1134,227,401,83
67,1133,227,401,83
68,1133,228,401,83
69,1121,302,373,56
70,1121,304,373,56
71,1121,306,373,56
72,1123,306,373,56
73,1125,306,373,56
74,1125,304,373,56
75,1125,302,373,56
76,1123,302,373,56
77,1122,303,373,56
78,1122,304,373,56
79,1122,305,373,56
80,1123,305,373,56
81,1124,305,373,56
82,1124,304,373,56
83,1124,303,373,56
84,1123,303,373,56
85,1123,304,373,56
86,1122,224,399,76
87,1122,226,399,76
88,1122,228,399,76
89,1124,228,399,76
90,1126,228,399,76
91,1126,226,399,76
92,1126,224,399,76
93,1124,224,399,76
94,1123,225,399,76
95,1123,226,399,76
96,1123,227,399,76
97,1124,227,399,76
98,1125,227,399,76
99,1125,226,399,76
100,1125,225,399,76
101,1124,225,399,76
102,1124,226,399,76
103,1106,363,397,62
104,1106,365,397,62
105,1106,367,397,62
106,1108,367,397,62
107,1110,367,397,62
108,1110,365,397,62
109,1110,363,397,62
110,1108,363,397,62
111,1107,364,397,62
112,1107,365,397,62
113,1107,366,397,62
114,1108,366,397,62
115,1109,366,397,62
116,1109,365,397,62
117,1109,364,397,62
118,1108,364,397,62
119,1108,365,397,62
120,1087,1373,281,68
121,1087,1375,281,68
122,1087,1377,281,68
123,1089,1377,281,68
124,1091,1377,281,68
125,1091,1375,281,68
126,1091,1373,281,68
127,1089,1373,281,68
128,1088,1374,281,68
129,1088,1375,281,68
130,1088,1376,281,68
131,1089,1376,281,68
132,1090,1376,281,68
133,1090,1375,281,68
134,1090,1374,281,68
135,1089,1374,281,68
136,1089,1375,281,68
137,1096,1328,216,43
138,1096,1330,216,43
139,1096,1332,216,43
140,1098,1332,216,43
141,1100,1332,216,43
142,1100,1330,216,43
143,1100,1328,216,43
144,1098,1328,216,43
145,1097,1329,216,43
146,1097,1330,216,43
147,1097,1331,216,43
148,1098,1331,216,43
149,1099,1331,216,43
150,1099,1330,216,43
151,1099,1329,216,43
152,1098,1329,216,43
153,1098,1330,216,43
154,1086,1267,334,51
155,1086,1269,334,51
156,1086,1271,334,51
157,1088,1271,334,51
158,1090,1271,334,51
159,1090,1269,334,51
160,1090,1267,334,51
161,1088,1267,334,51
162,1087,1268,334,51
163,1087,1269,334,51
164,1087,1270,334,51
165,1088,1270,334,51
166,1089,1270,334,51
167,1089,1269,334,51
168,1089,1268,334,51
169,1088,1268,334,51
170,1088,1269,334,51
171,1099,1207,301,58
172,1099,1209,301,58
173,1099,1211,301,58
174,1101,1211,301,58
175,1103,1211,301,58
176,1103,1209,301,58
177,1103,1207,301,58
178,1101,1207,301,58
179,1100,1208,301,58
180,1100,1209,301,58
181,1100,1210,301,58
182,1101,1210,301,58
183,1102,1210,301,58
184,1102,1209,301,58
185,1102,1208,301,58
186,1101,1208,301,58
187,1101,1209,301,58
188,1096,1152,309,52
189,1096,1154,309,52
190,1096,1156,309,52
191,1098,1156,309,52
192,1100,1156,309,52
193,1100,1154,309,52
194,1100,1152,309,52
195,1098,1152,309,52
196,1097,1153,309,52
197,1097,1154,309,52
198,1097,1155,309,52
199,1098,1155,309,52
200,1099,1155,309,52
201,1099,1154,309,52
202,1099,1153,309,52
203,1098,1153,309,52
204,1098,1154,309,52
205,1104,425,379,56
206,1104,427,379,56
207,1104,429,379,56
208,1106,429,379,56
209,1108,429,379,56
210,1108,427,379,56
211,1108,425,379,56
212,1106,425,379,56
213,1105,426,379,56
214,1105,427,379,56
215,1105,428,379,56
216,1106,428,379,56
217,1107,428,379,56
218,1107,427,379,56
219,1107,426,379,56
220,1106,426,379,56
221,1106,427,379,56
222,1094,495,430,53
223,1094,497,430,53
224,1094,499,430,53
225,1096,499,430,53
226,1098,499,430,53
227,1098,497,430,53
228,1098,495,430,53
229,1096,495,430,53
230,1095,496,430,53
231,1095,497,430,53
232,1095,498,430,53
233,1096,498,430,53
234,1097,498,430,53
235,1097,497,430,53
236,1097,496,430,53
237,1096,496,430,53
238,1096,497,430,53
239,1111,549,299,47
240,1111,551,299,47
241,1111,553,299,47
242,1113,553,299,47
243,1115,553,299,47
244,1115,551,299,47
245,1115,549,299,47
246,1113,549,299,47
247,1112,550,299,47
248,1112,551,299,47
249,1112,552,299,47
250,1113,552,299,47
251,1114,552,299,47
252,1114,551,299,47
253,1114,550,299,47
254,1113,550,299,47
255,1113,551,299,47
256,1101,602,315,57
257,1101,604,315,57
258,1101,606,315,57
259,1103,606,315,57
260,1105,606,315,57
261,1105,604,315,57
262,1105,602,315,57
263,1103,602,315,57
264,1102,603,315,57
265,1102,604,315,57
266,1102,605,315,57
267,1103,605,315,57
268,1104,605,315,57
269,1104,604,315,57
270,1104,603,315,57
271,1103,603,315,57
272,1103,604,315,57
273,1106,671,353,53
274,1106,673,353,53
275,1106,675,353,53
276,1108,675,353,53
277,1110,675,353,53
278,1110,673,353,53
279,1110,671,353,53
280,1108,671,353,53
281,1107,672,353,53
282,1107,673,353,53
283,1107,674,353,53
284,1108,674,353,53
285,1109,674,353,53
286,1109,673,353,53
287,1109,672,353,53
288,1108,672,353,53
289,1108,673,353,53
290,1097,740,339,60
291,1097,742,339,60
292,1097,744,339,60
293,1099,744,339,60
294,1101,744,339,60
295,1101,742,339,60
296,1101,740,339,60
297,1099,740,339,60
298,1098,741,339,60
299,1098,742,339,60
300,1098,743,339,60
301,1099,743,339,60
302,1100,743,339,60
303,1100,742,339,60
304,1100,741,339,60
305,1099,741,339,60
306,1099,742,339,60
307,1089,808,316,55
308,1089,810,316,55
309,1089,812,316,55
310,1091,812,316,55
311,1093,812,316,55
312,1093,810,316,55
313,1093,808,316,55
314,1091,808,316,55
315,1090,809,316,55
316,1090,810,316,55
317,1090,811,316,55
318,1091,811,316,55
319,1092,811,316,55
320,1092,810,316,55
321,1092,809,316,55
322,1091,809,316,55
323,1091,810,316,55
324,1099,878,287,50
325,1099,880,287,50
326,1099,882,287,50
327,1101,882,287,50
328,1103,882,287,50
329,1103,880,287,50
330,1103,878,287,50
331,1101,878,287,50
332,1100,879,287,50
333,1100,880,287,50
334,1100,881,287,50
335,1101,881,287,50
336,1102,881,287,50
337,1102,880,287,50
338,1102,879,287,50
339,1101,879,287,50
340,1101,880,287,50
341,1091,938,299,48
342,1091,940,299,48
343,1091,942,299,48
344,1093,942,299,48
345,1095,942,299,48
346,1095,940,299,48
347,1095,938,299,48
348,1093,938,299,48
349,1092,939,299,48
350,1092,940,299,48
351,1092,941,299,48
352,1093,941,299,48
353,1094,941,299,48
354,1094,940,299,48
355,1094,939,299,48
356,1093,939,299,48
357,1093,940,299,48
358,1106,993,287,56
359,1106,995,287,56
360,1106,997,287,56
361,1108,997,287,56
362,1110,997,287,56
363,1110,995,287,56
364,1110,993,287,56
365,1108,993,287,56
366,1107,994,287,56
367,1107,995,287,56
368,1107,996,287,56
369,1108,996,287,56
370,1109,996,287,56
371,1109,995,287,56
372,1109,994,287,56
373,1108,994,287,56
374,1108,995,287,56
375,1099,1057,269,44
376,1099,1059,269,44
377,1099,1061,269,44
378,1101,1061,269,44
379,1103,1061,269,44
380,1103,1059,269,44
381,1103,1057,269,44
382,1101,1057,269,44
383,1100,1058,269,44
384,1100,1059,269,44
385,1100,1060,269,44
386,1101,1060,269,44
387,1102,1060,269,44
388,1102,1059,269,44
389,1102,1058,269,44
390,1101,1058,269,44
391,1101,1059,269,44
392,1096,1099,305,48
393,1096,1101,305,48
394,1096,1103,305,48
395,1098,1103,305,48
396,1100,1103,305,48
397,1100,1101,305,48
398,1100,1099,305,48
399,1098,1099,305,48
400,1097,1100,305,48
401,1097,1101,305,48
402,1097,1102,305,48
403,1098,1102,305,48
404,1099,1102,305,48
405,1099,1101,305,48
406,1099,1100,305,48
407,1098,1100,305,48
408,1098,1101,305,48
1,933,1237,254,59
2,933,1239,254,59
3,933,1241,254,59
4,935,1241,254,59
5,937,1241,254,59
6,937,1239,254,59
7,937,1237,254,59
8,935,1237,254,59
9,934,1238,254,59
10,934,1239,254,59
11,934,1240,254,59
12,935,1240,254,59
13,936,1240,254,59
14,936,1239,254,59
15,936,1238,254,59
16,935,1238,254,59
17,935,1239,254,59
18,932,1191,199,46
19,932,1193,199,46
20,932,1195,199,46
21,934,1195,199,46
22,936,1195,199,46
23,936,1193,199,46
24,936,1191,199,46
25,934,1191,199,46
26,933,1192,199,46
27,933,1193,199,46
28,933,1194,199,46
29,934,1194,199,46
30,935,1194,199,46
31,935,1193,199,46
32,935,1192,199,46
33,934,1192,199,46
34,934,1193,199,46
35,988,96,289,46
36,988,98,289,46
37,988,100,289,46
38,990,100,289,46
39,992,100,289,46
40,992,98,289,46
41,992,96,289,46
42,990,96,289,46
43,989,97,289,46
44,989,98,289,46
45,989,99,289,46
46,990,99,289,46
47,991,99,289,46
48,991,98,289,46
49,991,97,289,46
50,990,97,289,46
51,990,98,289,46
52,990,148,275,48
53,990,150,275,48
54,990,152,275,48
55,992,152,275,48
56,994,152,275,48
57,994,150,275,48
58,994,148,275,48
59,992,148,275,48
60,991,149,275,48
61,991,150,275,48
62,991,151,275,48
63,992,151,275,48
64,993,151,275,48
65,993,150,275,48
66,993,149,275,48
67,992,149,275,48
68,992,150,275,48
69,977,220,262,51
70,977,222,262,51
71,977,224,262,51
72,979,224,262,51
73,981,224,262,51
74,981,222,262,51
75,981,220,262,51
76,979,220,262,51
77,978,221,262,51
78,978,222,262,51
79,978,223,262,51
80,979,223,262,51
81,980,223,262,51
82,980,222,262,51
83,980,221,262,51
84,979,221,262,51
85,979,222,262,51
86,965,270,287,62
87,965,272,287,62
88,965,274,287,62
89,967,274,287,62
90,969,274,287,62
91,969,272,287,62
92,969,270,287,62
93,967,270,287,62
94,966,271,287,62
95,966,272,287,62
96,966,273,287,62
97,967,273,287,62
98,968,273,287,62
99,968,272,287,62
100,968,271,287,62
101,967,271,287,62
102,967,272,287,62
103,985,351,296,51
104,985,353,296,51
105,985,355,296,51
106,987,355,296,51
107,989,355,296,51
108,989,353,296,51
109,989,351,296,51
110,987,351,296,51
111,986,352,296,51
112,986,353,296,51
113,986,354,296,51
114,987,354,296,51
115,988,354,296,51
116,988,353,296,51
117,988,352,296,51
118,987,352,296,51
119,987,353,296,51
120,990,407,291,50
121,990,409,291,50
122,990,411,291,50
123,992,411,291,50
124,994,411,291,50
125,994,409,291,50
126,994,407,291,50
127,992,407,291,50
128,991,408,291,50
129,991,409,291,50
130,991,410,291,50
131,992,410,291,50
132,993,410,291,50
133,993,409,291,50
134,993,408,291,50
135,992,408,291,50
136,992,409,291,50
137,986,456,278,50
138,986,458,278,50
139,986,460,278,50
140,988,460,278,50
141,990,460,278,50
142,990,458,278,50
143,990,456,278,50
144,988,456,278,50
145,987,457,278,50
146,987,458,278,50
147,987,459,278,50
148,988,459,278,50
149,989,459,278,50
150,989,458,278,50
151,989,457,278,50
152,988,457,278,50
153,988,458,278,50
154,984,505,255,40
155,984,507,255,40
156,984,509,255,40
157,986,509,255,40
158,988,509,255,40
159,988,507,255,40
160,988,505,255,40
161,986,505,255,40
162,985,506,255,40
163,985,507,255,40
164,985,508,255,40
165,986,508,255,40
166,987,508,255,40
167,987,507,255,40
168,987,506,255,40
169,986,506,255,40
170,986,507,255,40
171,980,549,257,37
172,980,551,257,37
173,980,553,257,37
174,982,553,257,37
175,984,553,257,37
176,984,551,257,37
177,984,549,257,37
178,982,549,257,37
179,981,550,257,37
180,981,551,257,37
181,981,552,257,37
182,982,552,257,37
183,983,552,257,37
184,983,551,257,37
185,983,550,257,37
186,982,550,257,37
187,982,551,257,37
188,971,588,269,57
189,971,590,269,57
190,971,592,269,57
191,973,592,269,57
192,975,592,269,57
193,975,590,269,57
194,975,588,269,57
195,973,588,269,57
196,972,589,269,57
197,972,590,269,57
198,972,591,269,57
199,973,591,269,57
200,974,591,269,57
201,974,590,269,57
202,974,589,269,57
203,973,589,269,57
204,973,590,269,57
205,967,644,294,55
206,967,646,294,55
207,967,648,294,55
208,969,648,294,55
209,971,648,294,55
210,971,646,294,55
211,971,644,294,55
212,969,644,294,55
213,968,645,294,55
214,968,646,294,55
215,968,647,294,55
216,969,647,294,55
217,970,647,294,55
218,970,646,294,55
219,970,645,294,55
220,969,645,294,55
221,969,646,294,55
222,957,725,289,62
223,957,727,289,62
224,957,729,289,62
225,959,729,289,62
226,961,729,289,62
227,961,727,289,62
228,961,725,289,62
229,959,725,289,62
230,958,726,289,62
231,958,727,289,62
232,958,728,289,62
233,959,728,289,62
234,960,728,289,62
235,960,727,289,62
236,960,726,289,62
237,959,726,289,62
238,959,727,289,62
239,954,842,258,47
240,954,844,258,47
241,954,846,258,47
242,956,846,258,47
243,958,846,258,47
244,958,844,258,47
245,958,842,258,47
246,956,842,258,47
247,955,843,258,47
248,955,844,258,47
249,955,845,258,47
250,956,845,258,47
251,957,845,258,47
252,957,844,258,47
253,957,843,258,47
254,956,843,258,47
255,956,844,258,47
256,954,798,272,44
257,954,800,272,44
258,954,802,272,44
259,956,802,272,44
260,958,802,272,44
261,958,800,272,44
262,958,798,272,44
263,956,798,272,44
264,955,799,272,44
265,955,800,272,44
266,955,801,272,44
267,956,801,272,44
268,957,801,272,44
269,957,800,272,44
270,957,799,272,44
271,956,799,272,44
272,956,800,272,44
273,942,1146,269,45
274,942,1148,269,45
275,942,1150,269,45
276,944,1150,269,45
277,946,1150,269,45
278,946,1148,269,45
279,946,1146,269,45
280,944,1146,269,45
281,943,1147,269,45
282,943,1148,269,45
283,943,1149,269,45
284,944,1149,269,45
285,945,1149,269,45
286,945,1148,269,45
287,945,1147,269,45
288,944,1147,269,45
289,944,1148,269,45
290,933,1097,263,49
291,933,1099,263,49
292,933,1101,263,49
293,935,1101,263,49
294,937,1101,263,49
295,937,1099,263,49
296,937,1097,263,49
297,935,1097,263,49
298,934,1098,263,49
299,934,1099,263,49
300,934,1100,263,49
301,935,1100,263,49
302,936,1100,263,49
303,936,1099,263,49
304,936,1098,263,49
305,935,1098,263,49
306,935,1099,263,49
307,952,948,286,44
308,952,950,286,44
309,952,952,286,44
310,954,952,286,44
311,956,952,286,44
312,956,950,286,44
313,956,948,286,44
314,954,948,286,44
315,953,949,286,44
316,953,950,286,44
317,953,951,286,44
318,954,951,286,44
319,955,951,286,44
320,955,950,286,44
321,955,949,286,44
322,954,949,286,44
323,954,950,286,44
324,946,992,293,54
325,946,994,293,54
326,946,996,293,54
327,948,996,293,54
328,950,996,293,54
329,950,994,293,54
330,950,992,293,54
331,948,992,293,54
332,947,993,293,54
333,947,994,293,54
334,947,995,293,54
335,948,995,293,54
336,949,995,293,54
337,949,994,293,54
338,949,993,293,54
339,948,993,293,54
340,948,994,293,54
341,939,1044,278,56
342,939,1046,278,56
343,939,1048,278,56
344,941,1048,278,56
345,943,1048,278,56
346,943,1046,278,56
347,943,1044,278,56
348,941,1044,278,56
349,940,1045,278,56
350,940,1046,278,56
351,940,1047,278,56
352,941,1047,278,56
353,942,1047,278,56
354,942,1046,278,56
355,942,1045,278,56
356,941,1045,278,56
357,941,1046,278,56
1,858,143,332,63
2,858,145,332,63
3,858,147,332,63
4,860,147,332,63
5,862,147,332,63
6,862,145,332,63
7,862,143,332,63
8,860,143,332,63
9,859,144,332,63
10,859,145,332,63
11,859,146,332,63
12,860,146,332,63
13,861,146,332,63
14,861,145,332,63
15,861,144,332,63
16,860,144,332,63
17,860,145,332,63
18,874,204,316,53
19,874,206,316,53
20,874,208,316,53
21,876,208,316,53
22,878,208,316,53
23,878,206,316,53
24,878,204,316,53
25,876,204,316,53
26,875,205,316,53
27,875,206,316,53
28,875,207,316,53
29,876,207,316,53
30,877,207,316,53
31,877,206,316,53
32,877,205,316,53
33,876,205,316,53
34,876,206,316,53
35,856,267,332,69
36,856,269,332,69
37,856,271,332,69
38,858,271,332,69
39,860,271,332,69
40,860,269,332,69
41,860,267,332,69
42,858,267,332,69
43,857,268,332,69
44,857,269,332,69
45,857,270,332,69
46,858,270,332,69
47,859,270,332,69
48,859,269,332,69
49,859,268,332,69
50,858,268,332,69
51,858,269,332,69
52,849,334,418,46
53,849,336,418,46
54,849,338,418,46
55,851,338,418,46
56,853,338,418,46
57,853,336,418,46
58,853,334,418,46
59,851,334,418,46
60,850,335,418,46
61,850,336,418,46
62,850,337,418,46
63,851,337,418,46
64,852,337,418,46
65,852,336,418,46
66,852,335,418,46
67,851,335,418,46
68,851,336,418,46
69,853,387,322,61
70,853,389,322,61
71,853,391,322,61
72,855,391,322,61
73,857,391,322,61
74,857,389,322,61
75,857,387,322,61
76,855,387,322,61
77,854,388,322,61
78,854,389,322,61
79,854,390,322,61
80,855,390,322,61
81,856,390,322,61
82,856,389,322,61
83,856,388,322,61
84,855,388,322,61
85,855,389,322,61
86,843,446,317,58
87,843,448,317,58
88,843,450,317,58
89,845,450,317,58
90,847,450,317,58
91,847,448,317,58
92,847,446,317,58
93,845,446,317,58
94,844,447,317,58
95,844,448,317,58
96,844,449,317,58
97,845,449,317,58
98,846,449,317,58
99,846,448,317,58
100,846,447,317,58
101,845,447,317,58
102,845,448,317,58
103,839,505,292,58
104,839,507,292,58
105,839,509,292,58
106,841,509,292,58
107,843,509,292,58
108,843,507,292,58
109,843,505,292,58
110,841,505,292,58
111,840,506,292,58
112,840,507,292,58
113,840,508,292,58
114,841,508,292,58
115,842,508,292,58
116,842,507,292,58
117,842,506,292,58
118,841,506,292,58
119,841,507,292,58
120,843,580,321,65
121,843,582,321,65
122,843,584,321,65
123,845,584,321,65
124,847,584,321,65
125,847,582,321,65
126,847,580,321,65
127,845,580,321,65
128,844,581,321,65
129,844,582,321,65
130,844,583,321,65
131,845,583,321,65
132,846,583,321,65
133,846,582,321,65
134,846,581,321,65
135,845,581,321,65
136,845,582,321,65
137,847,662,322,84
138,847,664,322,84
139,847,666,322,84
140,849,666,322,84
141,851,666,322,84
142,851,664,322,84
143,851,662,322,84
144,849,662,322,84
145,848,663,322,84
146,848,664,322,84
147,848,665,322,84
148,849,665,322,84
149,850,665,322,84
150,850,664,322,84
151,850,663,322,84
152,849,663,322,84
153,849,664,322,84
154,847,738,309,57
155,847,740,309,57
156,847,742,309,57
157,849,742,309,57
158,851,742,309,57
159,851,740,309,57
160,851,738,309,57
161,849,738,309,57
162,848,739,309,57
163,848,740,309,57
164,848,741,309,57
165,849,741,309,57
166,850,741,309,57
167,850,740,309,57
168,850,739,309,57
169,849,739,309,57
170,849,740,309,57
171,820,813,304,59
172,820,815,304,59
173,820,817,304,59
174,822,817,304,59
175,824,817,304,59
176,824,815,304,59
177,824,813,304,59
178,822,813,304,59
179,821,814,304,59
180,821,815,304,59
181,821,816,304,59
182,822,816,304,59
183,823,816,304,59
184,823,815,304,59
185,823,814,304,59
186,822,814,304,59
187,822,815,304,59
188,822,872,292,76
189,822,874,292,76
190,822,876,292,76
191,824,876,292,76
192,826,876,292,76
193,826,874,292,76
194,826,872,292,76
195,824,872,292,76
196,823,873,292,76
197,823,874,292,76
198,823,875,292,76
199,824,875,292,76
200,825,875,292,76
201,825,874,292,76
202,825,873,292,76
203,824,873,292,76
204,824,874,292,76
205,824,929,284,53
206,824,931,284,53
207,824,933,284,53
208,826,933,284,53
209,828,933,284,53
210,828,931,284,53
211,828,929,284,53
212,826,929,284,53
213,825,930,284,53
214,825,931,284,53
215,825,932,284,53
216,826,932,284,53
217,827,932,284,53
218,827,931,284,53
219,827,930,284,53
220,826,930,284,53
221,826,931,284,53
222,820,984,275,59
223,820,986,275,59
224,820,988,275,59
225,822,988,275,59
226,824,988,275,59
227,824,986,275,59
228,824,984,275,59
229,822,984,275,59
230,821,985,275,59
231,821,986,275,59
232,821,987,275,59
233,822,987,275,59
234,823,987,275,59
235,823,986,275,59
236,823,985,275,59
237,822,985,275,59
238,822,986,275,59
239,820,1043,277,50
240,820,1045,277,50
241,820,1047,277,50
242,822,1047,277,50
243,824,1047,277,50
244,824,1045,277,50
245,824,1043,277,50
246,822,1043,277,50
247,821,1044,277,50
248,821,1045,277,50
249,821,1046,277,50
250,822,1046,277,50
251,823,1046,277,50
252,823,1045,277,50
253,823,1044,277,50
254,822,1044,277,50
255,822,1045,277,50
256,813,1091,301,52
257,813,1093,301,52
258,813,1095,301,52
259,815,1095,301,52
260,817,1095,301,52
261,817,1093,301,52
262,817,1091,301,52
263,815,1091,301,52
264,814,1092,301,52
265,814,1093,301,52
266,814,1094,301,52
267,815,1094,301,52
268,816,1094,301,52
269,816,1093,301,52
270,816,1092,301,52
271,815,1092,301,52
272,815,1093,301,52
273,815,1143,303,55
274,815,1145,303,55
275,815,1147,303,55
276,817,1147,303,55
277,819,1147,303,55
278,819,1145,303,55
279,819,1143,303,55
280,817,1143,303,55
281,816,1144,303,55
282,816,1145,303,55
283,816,1146,303,55
284,817,1146,303,55
285,818,1146,303,55
286,818,1145,303,55
287,818,1144,303,55
288,817,1144,303,55
289,817,1145,303,55
290,813,1211,274,50
291,813,1213,274,50
292,813,1215,274,50
293,815,1215,274,50
294,817,1215,274,50
295,817,1213,274,50
296,817,1211,274,50
297,815,1211,274,50
298,814,1212,274,50
299,814,1213,274,50
300,814,1214,274,50
301,815,1214,274,50
302,816,1214,274,50
303,816,1213,274,50
304,816,1212,274,50
305,815,1212,274,50
306,815,1213,274,50
307,805,1248,286,63
308,805,1250,286,63
309,805,1252,286,63
310,807,1252,286,63
311,809,1252,286,63
312,809,1250,286,63
313,809,1248,286,63
314,807,1248,286,63
315,806,1249,286,63
316,806,1250,286,63
317,806,1251,286,63
318,807,1251,286,63
319,808,1251,286,63
320,808,1250,286,63
321,808,1249,286,63
322,807,1249,286,63
323,807,1250,286,63
324,797,1299,290,80
325,797,1301,290,80
326,797,1303,290,80
327,799,1303,290,80
328,801,1303,290,80
329,801,1301,290,80
330,801,1299,290,80
331,799,1299,290,80
332,798,1300,290,80
333,798,1301,290,80
334,798,1302,290,80
335,799,1302,290,80
336,800,1302,290,80
337,800,1301,290,80
338,800,1300,290,80
339,799,1300,290,80
340,799,1301,290,80
341,774,1427,313,82
342,774,1429,313,82
343,774,1431,313,82
344,776,1431,313,82
345,778,1431,313,82
346,778,1429,313,82
347,778,1427,313,82
348,776,1427,313,82
349,775,1428,313,82
350,775,1429,313,82
351,775,1430,313,82
352,776,1430,313,82
353,777,1430,313,82
354,777,1429,313,82
355,777,1428,313,82
356,776,1428,313,82
357,776,1429,313,82
358,778,1517,233,106
359,778,1519,233,106
360,778,1521,233,106
361,780,1521,233,106
362,782,1521,233,106
363,782,1519,233,106
364,782,1517,233,106
365,780,1517,233,106
366,779,1518,233,106
367,779,1519,233,106
368,779,1520,233,106
369,780,1520,233,106
370,781,1520,233,106
371,781,1519,233,106
372,781,1518,233,106
373,780,1518,233,106
374,780,1519,233,106
1,771,120,381,70
2,771,122,381,70
3,771,124,381,70
4,773,124,381,70
5,775,124,381,70
6,775,122,381,70
7,775,120,381,70
8,773,120,381,70
9,772,121,381,70
10,772,122,381,70
11,772,123,381,70
12,773,123,381,70
13,774,123,381,70
14,774,122,381,70
15,774,121,381,70
16,773,121,381,70
17,773,122,381,70
18,769,192,310,56
19,769,194,310,56
20,769,196,310,56
21,771,196,310,56
22,773,196,310,56
23,773,194,310,56
24,773,192,310,56
25,771,192,310,56
26,770,193,310,56
27,770,194,310,56
28,770,195,310,56
29,771,195,310,56
30,772,195,310,56
31,772,194,310,56
32,772,193,310,56
33,771,193,310,56
34,771,194,310,56
35,771,244,323,55
36,771,246,323,55
37,771,248,323,55
38,773,248,323,55
39,775,248,323,55
40,775,246,323,55
41,775,244,323,55
42,773,244,323,55
43,772,245,323,55
44,772,246,323,55
45,772,247,323,55
46,773,247,323,55
47,774,247,323,55
48,774,246,323,55
49,774,245,323,55
50,773,245,323,55
51,773,246,323,55
52,774,299,308,59
53,774,301,308,59
54,774,303,308,59
55,776,303,308,59
56,778,303,308,59
57,778,301,308,59
58,778,299,308,59
59,776,299,308,59
60,775,300,308,59
61,775,301,308,59
62,775,302,308,59
63,776,302,308,59
64,777,302,308,59
65,777,301,308,59
66,777,300,308,59
67,776,300,308,59
68,776,301,308,59
69,762,358,324,63
70,762,360,324,63
71,762,362,324,63
72,764,362,324,63
73,766,362,324,63
74,766,360,324,63
75,766,358,324,63
76,764,358,324,63
77,763,359,324,63
78,763,360,324,63
79,763,361,324,63
80,764,361,324,63
81,765,361,324,63
82,765,360,324,63
83,765,359,324,63
84,764,359,324,63
85,764,360,324,63
86,761,424,278,57
87,761,426,278,57
88,761,428,278,57
89,763,428,278,57
90,765,428,278,57
91,765,426,278,57
92,765,424,278,57
93,763,424,278,57
94,762,425,278,57
95,762,426,278,57
96,762,427,278,57
97,763,427,278,57
98,764,427,278,57
99,764,426,278,57
100,764,425,278,57
101,763,425,278,57
102,763,426,278,57
103,761,475,271,65
104,761,477,271,65
105,761,479,271,65
106,763,479,271,65
107,765,479,271,65
108,765,477,271,65
109,765,475,271,65
110,763,475,271,65
111,762,476,271,65
112,762,477,271,65
113,762,478,271,65
114,763,478,271,65
115,764,478,271,65
116,764,477,271,65
117,764,476,271,65
118,763,476,271,65
119,763,477,271,65
120,746,539,297,46
121,746,541,297,46
122,746,543,297,46
123,748,543,297,46
124,750,543,297,46
125,750,541,297,46
126,750,539,297,46
127,748,539,297,46
128,747,540,297,46
129,747,541,297,46
130,747,542,297,46
131,748,542,297,46
132,749,542,297,46
133,749,541,297,46
134,749,540,297,46
135,748,540,297,46
136,748,541,297,46
137,744,581,291,48
138,744,583,291,48
139,744,585,291,48
140,746,585,291,48
141,748,585,291,48
142,748,583,291,48
143,748,581,291,48
144,746,581,291,48
145,745,582,291,48
146,745,583,291,48
147,745,584,291,48
148,746,584,291,48
149,747,584,291,48
150,747,583,291,48
151,747,582,291,48
152,746,582,291,48
153,746,583,291,48
154,721,630,337,60
155,721,632,337,60
156,721,634,337,60
157,723,634,337,60
158,725,634,337,60
159,725,632,337,60
160,725,630,337,60
161,723,630,337,60
162,722,631,337,60
163,722,632,337,60
164,722,633,337,60
165,723,633,337,60
166,724,633,337,60
167,724,632,337,60
168,724,631,337,60
169,723,631,337,60
170,723,632,337,60
171,710,697,352,64
172,710,699,352,64
173,710,701,352,64
174,712,701,352,64
175,714,701,352,64
176,714,699,352,64
177,714,697,352,64
178,712,697,352,64
179,711,698,352,64
180,711,699,352,64
181,711,700,352,64
182,712,700,352,64
183,713,700,352,64
184,713,699,352,64
185,713,698,352,64
186,712,698,352,64
187,712,699,352,64
188,709,759,321,64
189,709,761,321,64
190,709,763,321,64
191,711,763,321,64
192,713,763,321,64
193,713,761,321,64
194,713,759,321,64
195,711,759,321,64
196,710,760,321,64
197,710,761,321,64
198,710,762,321,64
199,711,762,321,64
200,712,762,321,64
201,712,761,321,64
202,712,760,321,64
203,711,760,321,64
204,711,761,321,64
205,708,832,332,62
206,708,834,332,62
207,708,836,332,62
208,710,836,332,62
209,712,836,332,62
210,712,834,332,62
211,712,832,332,62
212,710,832,332,62
213,709,833,332,62
214,709,834,332,62
215,709,835,332,62
216,710,835,332,62
217,711,835,332,62
218,711,834,332,62
219,711,833,332,62
220,710,833,332,62
221,710,834,332,62
222,708,891,326,67
223,708,893,326,67
224,708,895,326,67
225,710,895,326,67
226,712,895,326,67
227,712,893,326,67
228,712,891,326,67
229,710,891,326,67
230,709,892,326,67
231,709,893,326,67
232,709,894,326,67
233,710,894,326,67
234,711,894,326,67
235,711,893,326,67
236,711,892,326,67
237,710,892,326,67
238,710,893,326,67
239,719,966,316,69
240,719,968,316,69
241,719,970,316,69
242,721,970,316,69
243,723,970,316,69
244,723,968,316,69
245,723,966,316,69
246,721,966,316,69
247,720,967,316,69
248,720,968,316,69
249,720,969,316,69
250,721,969,316,69
251,722,969,316,69
252,722,968,316,69
253,722,967,316,69
254,721,967,316,69
255,721,968,316,69
256,708,1034,268,68
257,708,1036,268,68
258,708,1038,268,68
259,710,1038,268,68
260,712,1038,268,68
261,712,1036,268,68
262,712,1034,268,68
263,710,1034,268,68
264,709,1035,268,68
265,709,1036,268,68
266,709,1037,268,68
267,710,1037,268,68
268,711,1037,268,68
269,711,1036,268,68
270,711,1035,268,68
271,710,1035,268,68
272,710,1036,268,68
273,733,1109,270,63
274,733,1111,270,63
275,733,1113,270,63
276,735,1113,270,63
277,737,1113,270,63
278,737,1111,270,63
279,737,1109,270,63
280,735,1109,270,63
281,734,1110,270,63
282,734,1111,270,63
283,734,1112,270,63
284,735,1112,270,63
285,736,1112,270,63
286,736,1111,270,63
287,736,1110,270,63
288,735,1110,270,63
289,735,1111,270,63
290,736,1207,283,57
291,736,1209,283,57
292,736,1211,283,57
293,738,1211,283,57
294,740,1211,283,57
295,740,1209,283,57
296,740,1207,283,57
297,738,1207,283,57
298,737,1208,283,57
299,737,1209,283,57
300,737,1210,283,57
301,738,1210,283,57
302,739,1210,283,57
303,739,1209,283,57
304,739,1208,283,57
305,738,1208,283,57
306,738,1209,283,57
307,719,1266,316,65
308,719,1268,316,65
309,719,1270,316,65
310,721,1270,316,65
311,723,1270,316,65
312,723,1268,316,65
313,723,1266,316,65
314,721,1266,316,65
315,720,1267,316,65
316,720,1268,316,65
317,720,1269,316,65
318,721,1269,316,65
319,722,1269,316,65
320,722,1268,316,65
321,722,1267,316,65
322,721,1267,316,65
323,721,1268,316,65
1,825,472,301,42
2,825,474,301,42
3,825,476,301,42
4,827,476,301,42
5,829,476,301,42
6,829,474,301,42
7,829,472,301,42
8,827,472,301,42
9,826,473,301,42
10,826,474,301,42
11,826,475,301,42
12,827,475,301,42
13,828,475,301,42
14,828,474,301,42
15,828,473,301,42
16,827,473,301,42
17,827,474,301,42
18,825,516,298,40
19,825,518,298,40
20,825,520,298,40
21,827,520,298,40
22,829,520,298,40
23,829,518,298,40
24,829,516,298,40
25,827,516,298,40
26,826,517,298,40
27,826,518,298,40
28,826,519,298,40
29,827,519,298,40
30,828,519,298,40
31,828,518,298,40
32,828,517,298,40
33,827,517,298,40
34,827,518,298,40
35,839,558,267,29
36,839,560,267,29
37,839,562,267,29
38,841,562,267,29
39,843,562,267,29
40,843,560,267,29
41,843,558,267,29
42,841,558,267,29
43,840,559,267,29
44,840,560,267,29
45,840,561,267,29
46,841,561,267,29
47,842,561,267,29
48,842,560,267,29
49,842,559,267,29
50,841,559,267,29
51,841,560,267,29
52,832,597,259,34
53,832,599,259,34
54,832,601,259,34
55,834,601,259,34
56,836,601,259,34
57,836,599,259,34
58,836,597,259,34
59,834,597,259,34
60,833,598,259,34
61,833,599,259,34
62,833,600,259,34
63,834,600,259,34
64,835,600,259,34
65,835,599,259,34
66,835,598,259,34
67,834,598,259,34
68,834,599,259,34
69,831,635,247,33
70,831,637,247,33
71,831,639,247,33
72,833,639,247,33
73,835,639,247,33
74,835,637,247,33
75,835,635,247,33
76,833,635,247,33
77,832,636,247,33
78,832,637,247,33
79,832,638,247,33
80,833,638,247,33
81,834,638,247,33
82,834,637,247,33
83,834,636,247,33
84,833,636,247,33
85,833,637,247,33
86,828,634,255,39
87,828,636,255,39
88,828,638,255,39
89,830,638,255,39
90,832,638,255,39
91,832,636,255,39
92,832,634,255,39
93,830,634,255,39
94,829,635,255,39
95,829,636,255,39
96,829,637,255,39
97,830,637,255,39
98,831,637,255,39
99,831,636,255,39
100,831,635,255,39
101,830,635,255,39
102,830,636,255,39
103,834,677,229,36
104,834,679,229,36
105,834,681,229,36
106,836,681,229,36
107,838,681,229,36
108,838,679,229,36
109,838,677,229,36
110,836,677,229,36
111,835,678,229,36
112,835,679,229,36
113,835,680,229,36
114,836,680,229,36
115,837,680,229,36
116,837,679,229,36
117,837,678,229,36
118,836,678,229,36
119,836,679,229,36
120,836,713,228,33
121,836,715,228,33
122,836,717,228,33
123,838,717,228,33
124,840,717,228,33
125,840,715,228,33
126,840,713,228,33
127,838,713,228,33
128,837,714,228,33
129,837,715,228,33
130,837,716,228,33
131,838,716,228,33
132,839,716,228,33
133,839,715,228,33
134,839,714,228,33
135,838,714,228,33
136,838,715,228,33
137,829,755,238,36
138,829,757,238,36
139,829,759,238,36
140,831,759,238,36
141,833,759,238,36
142,833,757,238,36
143,833,755,238,36
144,831,755,238,36
145,830,756,238,36
146,830,757,238,36
147,830,758,238,36
148,831,758,238,36
149,832,758,238,36
150,832,757,238,36
151,832,756,238,36
152,831,756,238,36
153,831,757,238,36
154,831,793,218,35
155,831,795,218,35
156,831,797,218,35
157,833,797,218,35
158,835,797,218,35
159,835,795,218,35
160,835,793,218,35
161,833,793,218,35
162,832,794,218,35
163,832,795,218,35
164,832,796,218,35
165,833,796,218,35
166,834,796,218,35
167,834,795,218,35
168,834,794,218,35
169,833,794,218,35
170,833,795,218,35
171,833,830,233,39
172,833,832,233,39
173,833,834,233,39
174,835,834,233,39
175,837,834,233,39
176,837,832,233,39
177,837,830,233,39
178,835,830,233,39
179,834,831,233,39
180,834,832,233,39
181,834,833,233,39
182,835,833,233,39
183,836,833,233,39
184,836,832,233,39
185,836,831,233,39
186,835,831,233,39
187,835,832,233,39
188,833,873,240,35
189,833,875,240,35
190,833,877,240,35
191,835,877,240,35
192,837,877,240,35
193,837,875,240,35
194,837,873,240,35
195,835,873,240,35
196,834,874,240,35
197,834,875,240,35
198,834,876,240,35
199,835,876,240,35
200,836,876,240,35
201,836,875,240,35
202,836,874,240,35
203,835,874,240,35
204,835,875,240,35
205,832,908,241,43
206,832,910,241,43
207,832,912,241,43
208,834,912,241,43
209,836,912,241,43
210,836,910,241,43
211,836,908,241,43
212,834,908,241,43
213,833,909,241,43
214,833,910,241,43
215,833,911,241,43
216,834,911,241,43
217,835,911,241,43
218,835,910,241,43
219,835,909,241,43
220,834,909,241,43
221,834,910,241,43
222,833,953,251,33
223,833,955,251,33
224,833,957,251,33
225,835,957,251,33
226,837,957,251,33
227,837,955,251,33
228,837,953,251,33
229,835,953,251,33
230,834,954,251,33
231,834,955,251,33
232,834,956,251,33
233,835,956,251,33
234,836,956,251,33
235,836,955,251,33
236,836,954,251,33
237,835,954,251,33
238,835,955,251,33
239,819,990,202,36
240,819,992,202,36
241,819,994,202,36
242,821,994,202,36
243,823,994,202,36
244,823,992,202,36
245,823,990,202,36
246,821,990,202,36
247,820,991,202,36
248,820,992,202,36
249,820,993,202,36
250,821,993,202,36
251,822,993,202,36
252,822,992,202,36
253,822,991,202,36
254,821,991,202,36
255,821,992,202,36
256,821,990,204,38
257,821,992,204,38
258,821,994,204,38
259,823,994,204,38
260,825,994,204,38
261,825,992,204,38
262,825,990,204,38
263,823,990,204,38
264,822,991,204,38
265,822,992,204,38
266,822,993,204,38
267,823,993,204,38
268,824,993,204,38
269,824,992,204,38
270,824,991,204,38
271,823,991,204,38
272,823,992,204,38
273,820,996,206,27
274,820,998,206,27
275,820,1000,206,27
276,822,1000,206,27
277,824,1000,206,27
278,824,998,206,27
279,824,996,206,27
280,822,996,206,27
281,821,997,206,27
282,821,998,206,27
283,821,999,206,27
284,822,999,206,27
285,823,999,206,27
286,823,998,206,27
287,823,997,206,27
288,822,997,206,27
289,822,998,206,27
290,826,1025,294,45
291,826,1027,294,45
292,826,1029,294,45
293,828,1029,294,45
294,830,1029,294,45
295,830,1027,294,45
296,830,1025,294,45
297,828,1025,294,45
298,827,1026,294,45
299,827,1027,294,45
300,827,1028,294,45
301,828,1028,294,45
302,829,1028,294,45
303,829,1027,294,45
304,829,1026,294,45
305,828,1026,294,45
306,828,1027,294,45
307,826,1072,237,33
308,826,1074,237,33
309,826,1076,237,33
310,828,1076,237,33
311,830,1076,237,33
312,830,1074,237,33
313,830,1072,237,33
314,828,1072,237,33
315,827,1073,237,33
316,827,1074,237,33
317,827,1075,237,33
318,828,1075,237,33
319,829,1075,237,33
320,829,1074,237,33
321,829,1073,237,33
322,828,1073,237,33
323,828,1074,237,33
324,825,1107,189,43
325,825,1109,189,43
326,825,1111,189,43
327,827,1111,189,43
328,829,1111,189,43
329,829,1109,189,43
330,829,1107,189,43
331,827,1107,189,43
332,826,1108,189,43
333,826,1109,189,43
334,826,1110,189,43
335,827,1110,189,43
336,828,1110,189,43
337,828,1109,189,43
338,828,1108,189,43
339,827,1108,189,43
340,827,1109,189,43
341,823,1152,267,32
342,823,1154,267,32
343,823,1156,267,32
344,825,1156,267,32
345,827,1156,267,32
346,827,1154,267,32
347,827,1152,267,32
348,825,1152,267,32
349,824,1153,267,32
350,824,1154,267,32
351,824,1155,267,32
352,825,1155,267,32
353,826,1155,267,32
354,826,1154,267,32
355,826,1153,267,32
356,825,1153,267,32
357,825,1154,267,32
358,815,1184,250,45
359,815,1186,250,45
360,815,1188,250,45
361,817,1188,250,45
362,819,1188,250,45
363,819,1186,250,45
364,819,1184,250,45
365,817,1184,250,45
366,816,1185,250,45
367,816,1186,250,45
368,816,1187,250,45
369,817,1187,250,45
370,818,1187,250,45
371,818,1186,250,45
372,818,1185,250,45
373,817,1185,250,45
374,817,1186,250,45
375,820,1231,213,33
376,820,1233,213,33
377,820,1235,213,33
378,822,1235,213,33
379,824,1235,213,33
380,824,1233,213,33
381,824,1231,213,33
382,822,1231,213,33
383,821,1232,213,33
384,821,1233,213,33
385,821,1234,213,33
386,822,1234,213,33
387,823,1234,213,33
388,823,1233,213,33
389,823,1232,213,33
390,822,1232,213,33
391,822,1233,213,33
392,819,1265,213,37
393,819,1267,213,37
394,819,1269,213,37
395,821,1269,213,37
396,823,1269,213,37
397,823,1267,213,37
398,823,1265,213,37
399,821,1265,213,37
400,820,1266,213,37
401,820,1267,213,37
402,820,1268,213,37
403,821,1268,213,37
404,822,1268,213,37
405,822,1267,213,37
406,822,1266,213,37
407,821,1266,213,37
408,821,1267,213,37
409,816,1305,225,37
410,816,1307,225,37
411,816,1309,225,37
412,818,1309,225,37
413,820,1309,225,37
414,820,1307,225,37
415,820,1305,225,37
416,818,1305,225,37
417,817,1306,225,37
418,817,1307,225,37
419,817,1308,225,37
420,818,1308,225,37
421,819,1308,225,37
422,819,1307,225,37
423,819,1306,225,37
424,818,1306,225,37
425,818,1307,225,37
426,816,1344,244,40
427,816,1346,244,40
428,816,1348,244,40
429,818,1348,244,40
430,820,1348,244,40
431,820,1346,244,40
432,820,1344,244,40
433,818,1344,244,40
434,817,1345,244,40
435,817,1346,244,40
436,817,1347,244,40
437,818,1347,244,40
438,819,1347,244,40
439,819,1346,244,40
440,819,1345,244,40
441,818,1345,244,40
442,818,1346,244,40
1,748,115,260,46
2,748,117,260,46
3,748,119,260,46
4,750,119,260,46
5,752,119,260,46
6,752,117,260,46
7,752,115,260,46
8,750,115,260,46
9,749,116,260,46
10,749,117,260,46
11,749,118,260,46
12,750,118,260,46
13,751,118,260,46
14,751,117,260,46
15,751,116,260,46
16,750,116,260,46
17,750,117,260,46
18,748,201,296,56
19,748,203,296,56
20,748,205,296,56
21,750,205,296,56
22,752,205,296,56
23,752,203,296,56
24,752,201,296,56
25,750,201,296,56
26,749,202,296,56
27,749,203,296,56
28,749,204,296,56
29,750,204,296,56
30,751,204,296,56
31,751,203,296,56
32,751,202,296,56
33,750,202,296,56
34,750,203,296,56
35,737,295,281,49
36,737,297,281,49
37,737,299,281,49
38,739,299,281,49
39,741,299,281,49
40,741,297,281,49
41,741,295,281,49
42,739,295,281,49
43,738,296,281,49
44,738,297,281,49
45,738,298,281,49
46,739,298,281,49
47,740,298,281,49
48,740,297,281,49
49,740,296,281,49
50,739,296,281,49
51,739,297,281,49
52,733,369,277,42
53,733,371,277,42
54,733,373,277,42
55,735,373,277,42
56,737,373,277,42
57,737,371,277,42
58,737,369,277,42
59,735,369,277,42
60,734,370,277,42
61,734,371,277,42
62,734,372,277,42
63,735,372,277,42
64,736,372,277,42
65,736,371,277,42
66,736,370,277,42
67,735,370,277,42
68,735,371,277,42
69,731,367,280,47
70,731,369,280,47
71,731,371,280,47
72,733,371,280,47
73,735,371,280,47
74,735,369,280,47
75,735,367,280,47
76,733,367,280,47
77,732,368,280,47
78,732,369,280,47
79,732,370,280,47
80,733,370,280,47
81,734,370,280,47
82,734,369,280,47
83,734,368,280,47
84,733,368,280,47
85,733,369,280,47
86,726,418,253,36
87,726,420,253,36
88,726,422,253,36
89,728,422,253,36
90,730,422,253,36
91,730,420,253,36
92,730,418,253,36
93,728,418,253,36
94,727,419,253,36
95,727,420,253,36
96,727,421,253,36
97,728,421,253,36
98,729,421,253,36
99,729,420,253,36
100,729,419,253,36
101,728,419,253,36
102,728,420,253,36
103,730,458,246,40
104,730,460,246,40
105,730,462,246,40
106,732,462,246,40
107,734,462,246,40
108,734,460,246,40
109,734,458,246,40
110,732,458,246,40
111,731,459,246,40
112,731,460,246,40
113,731,461,246,40
114,732,461,246,40
115,733,461,246,40
116,733,460,246,40
117,733,459,246,40
118,732,459,246,40
119,732,460,246,40
120,729,512,245,52
121,729,514,245,52
122,729,516,245,52
123,731,516,245,52
124,733,516,245,52
125,733,514,245,52
126,733,512,245,52
127,731,512,245,52
128,730,513,245,52
129,730,514,245,52
130,730,515,245,52
131,731,515,245,52
132,732,515,245,52
133,732,514,245,52
134,732,513,245,52
135,731,513,245,52
136,731,514,245,52
137,728,570,253,54
138,728,572,253,54
139,728,574,253,54
140,730,574,253,54
141,732,574,253,54
142,732,572,253,54
143,732,570,253,54
144,730,570,253,54
145,729,571,253,54
146,729,572,253,54
147,729,573,253,54
148,730,573,253,54
149,731,573,253,54
150,731,572,253,54
151,731,571,253,54
152,730,571,253,54
153,730,572,253,54
154,725,661,266,43
155,725,663,266,43
156,725,665,266,43
157,727,665,266,43
158,729,665,266,43
159,729,663,266,43
160,729,661,266,43
161,727,661,266,43
162,726,662,266,43
163,726,663,266,43
164,726,664,266,43
165,727,664,266,43
166,728,664,266,43
167,728,663,266,43
168,728,662,266,43
169,727,662,266,43
170,727,663,266,43
171,716,718,269,55
172,716,720,269,55
173,716,722,269,55
174,718,722,269,55
175,720,722,269,55
176,720,720,269,55
177,720,718,269,55
178,718,718,269,55
179,717,719,269,55
180,717,720,269,55
181,717,721,269,55
182,718,721,269,55
183,719,721,269,55
184,719,720,269,55
185,719,719,269,55
186,718,719,269,55
187,718,720,269,55
188,715,780,255,40
189,715,782,255,40
190,715,784,255,40
191,717,784,255,40
192,719,784,255,40
193,719,782,255,40
194,719,780,255,40
195,717,780,255,40
196,716,781,255,40
197,716,782,255,40
198,716,783,255,40
199,717,783,255,40
200,718,783,255,40
201,718,782,255,40
202,718,781,255,40
203,717,781,255,40
204,717,782,255,40
205,715,828,233,33
206,715,830,233,33
207,715,832,233,33
208,717,832,233,33
209,719,832,233,33
210,719,830,233,33
211,719,828,233,33
212,717,828,233,33
213,716,829,233,33
214,716,830,233,33
215,716,831,233,33
216,717,831,233,33
217,718,831,233,33
218,718,830,233,33
219,718,829,233,33
220,717,829,233,33
221,717,830,233,33
222,710,899,240,43
223,710,901,240,43
224,710,903,240,43
225,712,903,240,43
226,714,903,240,43
227,714,901,240,43
228,714,899,240,43
229,712,899,240,43
230,711,900,240,43
231,711,901,240,43
232,711,902,240,43
233,712,902,240,43
234,713,902,240,43
235,713,901,240,43
236,713,900,240,43
237,712,900,240,43
238,712,901,240,43
239,699,953,264,58
240,699,955,264,58
241,699,957,264,58
242,701,957,264,58
243,703,957,264,58
244,703,955,264,58
245,703,953,264,58
246,701,953,264,58
247,700,954,264,58
248,700,955,264,58
249,700,956,264,58
250,701,956,264,58
251,702,956,264,58
252,702,955,264,58
253,702,954,264,58
254,701,954,264,58
255,701,955,264,58
256,694,1016,244,49
257,694,1018,244,49
258,694,1020,244,49
259,696,1020,244,49
260,698,1020,244,49
261,698,1018,244,49
262,698,1016,244,49
263,696,1016,244,49
264,695,1017,244,49
265,695,1018,244,49
266,695,1019,244,49
267,696,1019,244,49
268,697,1019,244,49
269,697,1018,244,49
270,697,1017,244,49
271,696,1017,244,49
272,696,1018,244,49
273,679,1074,274,55
274,679,1076,274,55
275,679,1078,274,55
276,681,1078,274,55
277,683,1078,274,55
278,683,1076,274,55
279,683,1074,274,55
280,681,1074,274,55
281,680,1075,274,55
282,680,1076,274,55
283,680,1077,274,55
284,681,1077,274,55
285,682,1077,274,55
286,682,1076,274,55
287,682,1075,274,55
288,681,1075,274,55
289,681,1076,274,55
290,679,1132,275,41
291,679,1134,275,41
292,679,1136,275,41
293,681,1136,275,41
294,683,1136,275,41
295,683,1134,275,41
296,683,1132,275,41
297,681,1132,275,41
298,680,1133,275,41
299,680,1134,275,41
300,680,1135,275,41
301,681,1135,275,41
302,682,1135,275,41
303,682,1134,275,41
304,682,1133,275,41
305,681,1133,275,41
306,681,1134,275,41
307,678,1181,272,44
308,678,1183,272,44
309,678,1185,272,44
310,680,1185,272,44
311,682,1185,272,44
312,682,1183,272,44
313,682,1181,272,44
314,680,1181,272,44
315,679,1182,272,44
316,679,1183,272,44
317,679,1184,272,44
318,680,1184,272,44
319,681,1184,272,44
320,681,1183,272,44
321,681,1182,272,44
322,680,1182,272,44
323,680,1183,272,44
324,679,1234,244,42
325,679,1236,244,42
326,679,1238,244,42
327,681,1238,244,42
328,683,1238,244,42
329,683,1236,244,42
330,683,1234,244,42
331,681,1234,244,42
332,680,1235,244,42
333,680,1236,244,42
334,680,1237,244,42
335,681,1237,244,42
336,682,1237,244,42
337,682,1236,244,42
338,682,1235,244,42
339,681,1235,244,42
340,681,1236,244,42
341,716,1298,219,36
342,716,1300,219,36
343,716,1302,219,36
344,718,1302,219,36
345,720,1302,219,36
346,720,1300,219,36
347,720,1298,219,36
348,718,1298,219,36
349,717,1299,219,36
350,717,1300,219,36
351,717,1301,219,36
352,718,1301,219,36
353,719,1301,219,36
354,719,1300,219,36
355,719,1299,219,36
356,718,1299,219,36
357,718,1300,219,36
358,703,1342,255,56
359,703,1344,255,56
360,703,1346,255,56
361,705,1346,255,56
362,707,1346,255,56
363,707,1344,255,56
364,707,1342,255,56
365,705,1342,255,56
366,704,1343,255,56
367,704,1344,255,56
368,704,1345,255,56
369,705,1345,255,56
370,706,1345,255,56
371,706,1344,255,56
372,706,1343,255,56
373,705,1343,255,56
374,705,1344,255,56
375,703,1398,298,64
376,703,1400,298,64
377,703,1402,298,64
378,705,1402,298,64
379,707,1402,298,64
380,707,1400,298,64
381,707,1398,298,64
382,705,1398,298,64
383,704,1399,298,64
384,704,1400,298,64
385,704,1401,298,64
386,705,1401,298,64
387,706,1401,298,64
388,706,1400,298,64
389,706,1399,298,64
390,705,1399,298,64
391,705,1400,298,64
