9
1
2
3 0 3 24 0 -1
4 0 1 24 0 3
haar_x3
3.118414e-02 0 -1
-5.252387e-01 8.244117e-01 
1
2
20 1 4 2 0 -1
21 2 2 2 0 2
tilted_haar_y4
6.244090e-05 0 -1
-3.017249e-01 3.639694e-01 
1
2
3 1 11 4 0 -1
3 3 11 2 0 2
haar_y2
-2.500748e-05 0 -1
3.677119e-01 -7.937128e-01 
1
2
14 1 2 10 0 -1
14 1 2 5 0 2
tilted_haar_x2
1.899943e-02 0 -1
-4.394913e-01 2.097862e-01 
1
2
4 7 3 11 0 -1
5 7 1 11 0 3
haar_x3
1.856950e-02 0 -1
-3.346857e-01 9.049029e-01 
1
2
12 4 4 12 0 -1
8 8 4 4 0 3
tilted_haar_x3
-1.302118e-02 0 -1
1.904786e-01 -4.222645e-01 
1
2
5 3 14 18 0 -1
12 3 7 18 0 2
haar_x2
7.717052e-02 0 -1
3.289869e-01 -9.709893e-01 
1
2
19 0 4 16 0 -1
20 0 2 16 0 2
haar_x4
1.075312e-02 0 -1
-2.916898e-01 4.432547e-01 
1
2
1 0 4 16 0 -1
2 0 2 16 0 2
haar_x4
-1.551334e-02 0 -1
7.098740e-01 -5.177968e-01 
-9.085220e-01

3
-1
