7
1
2
10 12 3 5 0 -1
11 12 1 5 0 3
haar_x3
9.237695e-03 0 -1
-4.986944e-01 8.801848e-01 
1
2
20 1 4 11 0 -1
21 1 2 11 0 2
haar_x4
-1.174208e-02 0 -1
7.698143e-01 -3.471080e-01 
1
2
0 1 4 11 0 -1
1 1 2 11 0 2
haar_x4
-1.050599e-02 0 -1
7.526246e-01 -6.335402e-01 
1
2
6 14 13 10 0 -1
6 19 13 5 0 2
haar_y2
6.028452e-02 0 -1
-5.898353e-01 5.563633e-01 
1
2
10 4 4 7 0 -1
11 4 2 7 0 2
haar_x4
1.160891e-02 0 -1
-4.495936e-01 8.419054e-01 
1
2
12 4 3 11 0 -1
13 4 1 11 0 3
haar_x3
-1.505417e-02 0 -1
6.504412e-01 -1.536208e-01 
1
2
9 7 3 10 0 -1
10 7 1 10 0 3
haar_x3
1.289454e-02 0 -1
-4.639895e-01 9.003096e-01 
-6.986842e-01

2
-1
